gfs.json
{"header": {"discipline": 0, "disciplineName": "Meteorological products", "gribEdition": 2, "center": "kwbc", "centerName": "US National Weather Service - NCEP(WMC)", "subcenter": 0, "refTime": "2026-04-13T12:00:00.000Z", "significanceOfRT": 1, "significanceOfRTName": "Start of forecast", "productStatus": 0, "productStatusName": "Operational products", "productType": 1, "productTypeName": "Forecast products", "productDefinitionTemplate": 0, "productDefinitionTemplateName": "Analysis/forecast at horizontal level/layer at a point in time", "parameterCategory": 2, "parameterCategoryName": "Momentum", "parameterNumber": 2, "parameterNumberName": "U-component_of_wind", "parameterUnit": "m.s-1", "genProcessType": 2, "genProcessTypeName": "Forecast", "forecastTime": 0, "surface1Type": "sfc", "surface1TypeName": "Unknown", "surface1Value": 10, "surface2Type": 255, "surface2TypeName": "Missing", "surface2Value": 0, "gridDefinitionTemplate": 0, "gridDefinitionTemplateName": "Latitude_Longitude", "numberPoints": 65160, "shape": 6, "shapeName": "Earth spherical with radius of 6,371,229.0 m", "gridUnits": "degrees", "resolution": 48, "winds": "true", "scanMode": 0, "nx": 360, "ny": 181, "basicAngle": 0, "subDivisions": 0, "lo1": 0.0, "la1": 90.0, "lo2": 359.0, "la2": -90.0, "dx": 1.0, "dy": 1.0}, "data":
[rows 70 to 104 of 181, columns 158 to 236 of 360]
-9.11,-9.61,-10.01,-9.21,-9.41,-10.01,-9.91,-9.01,-8.71,-7.71,-7.41,-6.41,-6.21,-6.31,-5.71,-5.61,-5.41,-5.31,-4.81,-3.51,-3.51,-2.41,-3.31,-2.21,-2.41,-1.81,-0.41,-1.51,-1.41,-1.81,-1.41,-0.31,-0.61,-1.11,-1.11,6.79,-3.41,-4.11,-3.61,-3.21,-6.91,-5.91,-6.01,-2.71,-6.81,-4.21,-0.11,-6.11,-4.91,-4.51,-5.61,-6.31,-6.01,-5.71,-7.41,-8.71,-8.11,-6.61,-6.61,-7.01,-7.11,-6.71,-7.31,-6.61,-6.11,-5.71,-4.61,-5.21,-5.61,-7.31,-6.71,-6.01,-5.21,-5.41,-4.01,-2.31,-2.81,-1.91,-0.71
-9.11,-8.91,-9.21,-9.71,-9.41,-9.81,-9.71,-10.31,-9.11,-8.21,-7.71,-6.71,-6.51,-6.61,-6.31,-4.81,-5.01,-5.01,-5.41,-3.81,-3.71,-3.11,-2.11,-3.31,-4.01,-2.21,-1.21,-3.31,-4.01,-2.01,-1.61,-3.01,-1.51,-0.51,0.49,-4.11,-6.81,-8.71,-7.11,-6.71,-7.31,-6.01,-6.61,-4.51,-3.91,-7.01,-3.61,-3.71,-3.61,-5.01,-5.81,-5.91,-4.81,-6.71,-7.51,-8.01,-7.81,-7.51,-5.41,-6.51,-7.01,-7.01,-7.01,-4.91,-4.61,-5.11,-4.31,-5.71,-6.01,-6.71,-6.01,-5.81,-5.51,-6.11,-3.81,-3.81,-2.81,-2.31,-2.41
-9.51,-9.31,-9.31,-9.01,-9.21,-9.51,-9.61,-9.91,-9.91,-9.01,-8.51,-8.01,-7.71,-7.11,-6.71,-6.41,-5.31,-5.01,-4.61,-5.11,-4.21,-2.71,-2.51,-2.11,-3.41,-2.31,-3.91,-2.51,-2.31,-2.91,-3.31,-3.71,-2.21,3.49,-0.81,-4.11,-9.21,-8.91,-8.91,-10.21,-8.11,-6.91,-6.41,-4.11,-6.51,-5.91,-6.81,-7.61,-6.31,-4.81,-5.51,-7.31,-5.61,-6.31,-7.51,-7.41,-7.41,-6.31,-5.21,-6.61,-6.01,-6.71,-6.71,-5.31,-4.51,-5.31,-5.71,-6.01,-6.01,-5.81,-5.61,-6.21,-7.51,-4.71,-4.41,-4.11,-3.81,-3.41,-3.11
-8.81,-9.51,-9.11,-8.31,-8.71,-9.11,-9.01,-9.61,-9.71,-9.51,-9.51,-8.71,-8.11,-7.11,-6.81,-6.31,-6.81,-6.11,-5.31,-6.01,-5.11,-3.91,-4.11,-4.31,-2.11,-4.41,-3.21,-1.51,-3.31,-3.31,-3.71,-6.21,-0.81,1.39,-1.81,-6.61,-8.11,-8.21,-10.91,-9.41,-8.01,-6.61,-3.71,-5.11,-6.51,-6.81,-6.41,-5.91,-5.41,-5.41,-6.41,-6.11,-5.81,-5.71,-7.51,-7.91,-7.41,-6.71,-6.11,-6.81,-6.81,-7.41,-7.21,-7.11,-6.71,-6.71,-6.71,-6.61,-5.91,-6.41,-7.61,-7.11,-5.61,-5.71,-4.61,-4.41,-4.11,-4.11,-4.21
-8.81,-8.71,-8.51,-8.41,-8.61,-8.61,-9.01,-8.91,-9.61,-9.51,-9.61,-9.41,-9.01,-8.71,-8.41,-7.71,-7.61,-7.01,-6.11,-5.31,-5.11,-4.51,-4.31,-4.71,-4.11,-3.11,-2.11,-1.61,-2.11,-3.01,-4.81,-2.71,-1.41,-3.81,-4.91,-7.41,-8.31,-9.11,-10.01,-9.51,-8.01,-6.41,-4.51,-5.21,-6.61,-6.11,-6.31,-6.81,-7.21,-6.31,-6.51,-6.21,-5.91,-5.21,-6.01,-7.41,-8.01,-7.11,-6.11,-5.81,-5.31,-7.51,-6.91,-7.01,-7.21,-6.71,-6.31,-5.51,-5.61,-7.11,-6.01,-6.61,-6.11,-5.91,-5.61,-5.81,-4.71,-4.01,-4.81
-8.11,-8.51,-8.61,-8.01,-8.11,-7.21,-6.31,-7.81,-8.11,-8.21,-8.41,-8.61,-8.31,-8.01,-8.01,-7.91,-7.71,-7.41,-7.11,-6.31,-6.31,-5.41,-4.51,-4.01,-3.41,-2.51,-1.91,-1.41,-2.31,-1.31,0.69,-0.71,-3.21,-4.01,-5.81,-7.41,-7.81,-8.51,-8.31,-7.41,-6.01,-5.91,-5.11,-5.41,-5.61,-6.91,-8.11,-7.21,-7.51,-7.11,-6.91,-6.41,-5.31,-5.31,-6.61,-7.51,-7.41,-6.81,-6.41,-6.21,-5.81,-6.91,-6.61,-7.01,-6.71,-5.91,-4.21,-5.21,-6.11,-6.71,-6.11,-6.31,-5.61,-6.11,-6.81,-5.51,-4.81,-5.01,-5.41
-7.01,-7.61,-8.41,-8.01,-8.11,-6.91,-6.51,-7.01,-6.71,-6.41,-5.91,-6.01,-5.81,-7.01,-7.21,-7.91,-7.91,-7.71,-6.91,-6.51,-6.21,-5.71,-4.31,-3.71,-4.11,-3.81,-3.31,-2.31,-1.71,-0.31,1.69,-0.51,-2.91,-4.91,-5.01,-6.51,-6.71,-6.91,-6.61,-6.41,-7.11,-5.81,-5.61,-5.21,-6.51,-6.51,-7.81,-7.71,-6.41,-6.81,-7.21,-6.41,-5.81,-7.61,-6.81,-6.91,-6.81,-6.61,-6.11,-6.11,-6.11,-6.31,-5.91,-5.71,-5.51,-4.71,-5.11,-4.51,-6.21,-6.01,-4.91,-6.21,-6.01,-5.21,-6.91,-6.31,-5.61,-4.81,-5.61
-6.91,-7.61,-7.71,-9.31,-8.31,-7.81,-7.51,-7.21,-6.71,-5.91,-5.91,-4.41,-3.61,-3.61,-5.51,-6.01,-6.91,-7.41,-6.71,-6.41,-6.21,-5.31,-4.41,-4.51,-4.01,-4.71,-3.61,-2.71,-1.71,0.89,0.59,-1.61,-3.41,-5.21,-5.51,-6.21,-6.21,-6.51,-6.81,-6.31,-6.41,-6.41,-6.31,-6.01,-5.11,-6.31,-7.81,-7.31,-6.51,-6.11,-7.21,-6.71,-5.31,-6.01,-6.71,-6.81,-7.31,-6.71,-6.41,-6.81,-5.71,-6.71,-5.21,-5.41,-5.21,-5.31,-5.51,-5.41,-6.01,-5.41,-5.91,-6.11,-5.61,-6.21,-6.21,-6.11,-5.71,-6.11,-6.51
-6.41,-6.31,-7.01,-8.01,-7.71,-8.21,-8.41,-8.71,-9.01,-6.01,-4.81,-4.01,-4.11,-1.91,0.39,-2.71,-4.61,-5.71,-4.91,-5.41,-5.41,-5.81,-4.71,-4.21,-3.71,-3.01,-2.61,-1.91,-0.01,0.69,-2.21,-3.81,-4.81,-4.01,-6.21,-6.11,-6.21,-7.11,-6.41,-6.71,-7.11,-6.81,-6.11,-5.81,-5.11,-6.11,-7.01,-6.81,-6.31,-6.41,-6.71,-6.71,-4.91,-6.51,-6.01,-6.61,-7.01,-7.11,-6.71,-6.51,-6.11,-6.01,-5.71,-5.41,-5.41,-5.61,-5.91,-5.91,-5.91,-6.81,-6.91,-6.71,-6.81,-6.11,-5.21,-6.81,-6.91,-6.91,-6.81
-5.11,-4.71,-6.01,-6.61,-7.41,-7.61,-7.71,-7.41,-7.51,-7.01,-6.11,-5.01,-4.61,-3.91,-3.11,-4.21,-5.41,-3.61,-4.91,-4.01,-4.71,-5.01,-2.51,-2.71,-1.91,-0.51,-0.01,-2.31,-1.51,-2.11,-4.51,-4.81,-5.61,-5.01,-6.01,-5.81,-5.81,-5.91,-6.21,-7.51,-7.31,-7.81,-7.21,-7.81,-6.71,-5.51,-5.51,-5.11,-5.51,-6.31,-6.81,-6.81,-5.81,-7.11,-6.71,-6.71,-6.81,-6.81,-6.61,-6.21,-6.41,-5.71,-5.61,-5.81,-5.81,-6.41,-6.81,-6.11,-6.31,-7.51,-7.31,-7.21,-6.91,-6.41,-6.21,-6.51,-6.91,-6.71,-6.61
-4.21,-4.21,-4.71,-6.31,-5.61,-6.61,-7.21,-7.41,-7.01,-6.51,-5.91,-6.71,-6.91,-7.01,-5.71,-5.41,-6.31,-6.51,-5.41,-4.91,-4.91,-4.31,-3.21,-2.31,-2.81,-3.11,-2.61,-3.11,-2.61,-4.81,-4.51,-5.51,-5.31,-5.51,-6.11,-5.91,-5.81,-7.41,-7.41,-6.81,-6.41,-7.51,-7.21,-7.71,-7.11,-6.81,-6.71,-7.11,-6.31,-6.31,-6.41,-5.91,-5.91,-6.61,-6.31,-6.91,-6.61,-6.81,-6.91,-6.31,-6.61,-5.91,-5.21,-6.11,-6.71,-7.31,-7.31,-7.31,-7.31,-7.11,-7.71,-6.81,-6.71,-6.41,-6.11,-7.11,-6.71,-6.21,-7.11
-3.41,-2.41,-3.91,-5.01,-4.71,-5.61,-5.31,-5.81,-6.31,-5.41,-6.11,-6.51,-7.81,-7.31,-6.81,-6.21,-6.41,-4.71,-4.01,-4.51,-4.41,-3.71,-3.31,-4.01,-3.01,-3.31,-2.61,-3.91,-4.71,-5.21,-5.01,-5.21,-5.11,-5.31,-4.91,-5.61,-6.41,-5.81,-6.71,-6.21,-5.51,-6.51,-6.41,-6.51,-6.11,-6.71,-7.01,-6.61,-5.81,-5.81,-6.31,-6.31,-6.61,-6.01,-6.21,-6.71,-7.21,-6.91,-6.11,-6.01,-5.31,-6.51,-6.11,-6.31,-6.81,-7.51,-7.41,-7.51,-7.31,-7.31,-7.21,-6.61,-6.51,-6.41,-6.61,-6.81,-6.11,-6.41,-6.71
-2.71,-2.11,-2.91,-4.61,-4.81,-4.41,-4.91,-4.71,-4.81,-5.71,-6.21,-7.31,-6.21,-6.51,-5.51,-5.41,-5.61,-5.41,-4.91,-4.51,-3.91,-3.81,-4.21,-4.11,-3.21,-4.21,-5.11,-2.81,-5.51,-5.21,-6.01,-5.71,-5.21,-5.21,-5.31,-5.01,-6.71,-6.21,-6.61,-6.21,-6.31,-6.11,-5.91,-5.71,-6.61,-6.31,-5.91,-6.31,-6.11,-6.01,-6.31,-6.71,-6.61,-6.61,-6.71,-6.71,-7.01,-6.21,-5.81,-4.71,-5.41,-5.71,-6.21,-6.41,-6.71,-7.31,-7.01,-7.31,-7.11,-6.61,-7.11,-6.61,-6.51,-6.81,-6.41,-6.31,-7.41,-7.01,-6.81
-2.61,-1.31,-2.61,-3.41,-4.01,-4.41,-3.91,-4.61,-4.11,-4.71,-6.31,-6.51,-5.91,-6.41,-6.11,-5.91,-5.91,-5.81,-5.91,-5.81,-5.11,-5.21,-4.71,-4.31,-4.41,-4.51,-5.91,-4.21,-5.31,-5.81,-5.81,-5.41,-5.91,-5.41,-5.41,-5.01,-6.41,-6.41,-6.61,-5.81,-5.51,-5.11,-5.91,-6.91,-6.71,-6.01,-5.21,-5.21,-5.51,-6.31,-6.41,-6.31,-6.31,-6.11,-6.81,-5.71,-6.01,-5.61,-4.51,-4.71,-4.21,-4.91,-5.71,-5.71,-6.11,-6.71,-6.71,-6.81,-6.41,-6.21,-6.41,-6.01,-6.71,-6.21,-6.21,-7.01,-7.11,-7.41,-7.51
-2.81,-1.31,-2.21,-3.41,-3.01,-4.21,-3.51,-4.01,-3.41,-5.31,-5.51,-6.41,-5.81,-6.51,-5.81,-5.41,-5.81,-6.31,-5.81,-5.71,-5.61,-5.51,-5.41,-5.41,-5.21,-5.41,-4.71,-6.11,-5.51,-5.71,-5.71,-5.81,-6.21,-5.21,-5.01,-6.31,-5.61,-6.81,-6.11,-5.71,-5.01,-4.91,-4.81,-5.01,-4.61,-4.11,-4.31,-4.01,-5.01,-4.81,-5.41,-5.71,-6.11,-5.51,-4.31,-4.81,-5.01,-5.01,-4.51,-4.41,-4.91,-4.71,-5.01,-5.61,-5.71,-5.81,-6.41,-5.81,-6.01,-6.11,-6.11,-6.21,-5.71,-6.11,-6.41,-7.21,-7.21,-7.21,-7.31
-2.81,-2.21,-2.01,-3.31,-2.91,-4.01,-3.31,-3.81,-3.41,-4.21,-5.71,-6.21,-6.01,-6.01,-5.41,-5.61,-5.91,-5.91,-5.21,-5.81,-5.71,-5.81,-5.31,-5.51,-5.51,-5.81,-6.21,-5.11,-6.31,-6.21,-5.71,-5.31,-6.41,-6.31,-6.41,-6.51,-5.41,-6.81,-6.21,-6.01,-5.61,-2.91,-3.51,-3.51,-3.11,-3.81,-3.21,-2.41,-2.11,-2.11,-2.91,-3.41,-4.21,-4.41,-4.11,-4.11,-4.81,-4.71,-5.11,-3.91,-4.11,-4.81,-5.61,-5.01,-4.91,-5.21,-5.41,-4.91,-5.61,-5.71,-5.41,-5.31,-5.41,-6.01,-6.71,-6.81,-7.01,-6.41,-6.81
-1.01,-1.81,-1.71,-2.61,-3.71,-2.61,-3.71,-3.91,-3.71,-4.41,-6.81,-6.41,-6.01,-5.91,-6.11,-5.01,-4.61,-4.71,-5.71,-5.71,-5.71,-5.21,-5.01,-5.11,-5.81,-6.81,-5.31,-5.61,-5.91,-5.91,-5.91,-5.91,-5.41,-4.91,-6.51,-6.21,-5.91,-6.31,-5.51,-5.01,-3.81,-2.11,-3.11,-3.61,-2.61,-4.11,-3.31,-2.51,-2.41,-2.51,-3.01,-3.01,-4.21,-3.91,-4.11,-4.01,-5.21,-5.31,-5.11,-4.51,-4.21,-4.51,-5.31,-4.21,-4.91,-5.41,-5.81,-5.31,-5.01,-5.21,-4.71,-4.71,-4.91,-5.51,-6.41,-6.11,-6.51,-5.51,-5.81
2.19,-1.21,-0.51,-1.51,-2.51,-4.21,-2.51,-4.01,-4.71,-4.61,-6.51,-6.21,-6.21,-6.81,-6.31,-5.21,-4.01,-3.91,-5.91,-5.11,-5.51,-5.01,-4.41,-5.51,-6.91,-5.41,-5.31,-6.31,-6.21,-5.91,-5.61,-5.51,-5.31,-5.41,-6.21,-5.61,-5.31,-5.71,-5.41,-4.81,-3.41,-2.81,-3.11,-3.21,-2.61,-3.41,-3.51,-3.01,-3.01,-2.91,-3.21,-3.61,-3.91,-4.01,-4.41,-4.01,-4.81,-5.11,-4.91,-4.91,-4.31,-4.41,-4.51,-4.41,-3.91,-4.71,-4.71,-4.91,-4.91,-4.41,-4.61,-4.41,-4.21,-4.51,-5.01,-5.31,-4.61,-4.71,-4.21
1.79,-0.11,0.39,0.19,-1.81,-2.21,-3.61,-4.01,-5.41,-5.31,-5.51,-6.21,-6.71,-6.91,-6.61,-5.81,-4.61,-3.71,-5.41,-5.41,-5.81,-4.91,-5.31,-7.41,-5.71,-5.31,-5.91,-6.51,-6.21,-5.71,-5.71,-5.61,-5.51,-5.01,-5.61,-5.21,-6.21,-5.41,-4.71,-4.21,-3.31,-3.41,-3.61,-2.41,-2.61,-2.71,-2.61,-2.81,-3.21,-2.91,-3.31,-4.31,-4.31,-4.91,-4.11,-4.71,-4.81,-4.71,-4.31,-4.11,-4.81,-4.41,-4.81,-5.41,-4.71,-4.11,-4.11,-4.81,-4.71,-4.11,-4.01,-3.71,-3.41,-3.91,-3.91,-4.51,-4.51,-4.81,-4.31
4.09,1.59,0.49,1.09,-1.41,-2.41,-3.41,-3.81,-6.01,-5.41,-5.41,-6.31,-6.71,-6.91,-6.51,-6.01,-6.01,-4.31,-5.61,-5.91,-6.91,-7.21,-6.71,-6.21,-5.91,-5.91,-6.51,-5.71,-5.71,-6.01,-5.61,-5.31,-5.11,-5.31,-5.11,-5.21,-5.21,-3.41,-4.91,-3.51,-4.01,-3.91,-3.51,-2.91,-3.21,-3.31,-3.31,-3.61,-3.21,-3.01,-2.91,-3.51,-4.91,-4.01,-4.21,-4.11,-4.21,-5.01,-5.41,-4.71,-5.01,-5.61,-5.21,-5.51,-5.01,-5.11,-4.71,-4.11,-4.11,-3.91,-4.81,-3.61,-3.21,-3.11,-3.91,-4.71,-4.81,-4.41,-4.51
3.69,2.89,3.49,0.99,1.19,-1.91,-3.61,-4.81,-5.61,-5.61,-5.91,-6.51,-6.71,-6.51,-6.41,-6.51,-5.61,-5.51,-5.51,-6.91,-7.11,-6.31,-6.11,-6.51,-6.41,-5.61,-5.61,-5.61,-5.31,-4.71,-5.31,-5.31,-5.01,-4.61,-4.21,-3.91,-5.01,-3.41,-3.61,-3.41,-3.81,-3.91,-3.91,-3.51,-2.91,-3.41,-3.21,-3.21,-3.31,-3.71,-3.51,-3.71,-5.11,-4.61,-4.31,-3.81,-4.01,-5.01,-5.01,-5.41,-5.51,-5.01,-5.51,-5.41,-5.51,-4.81,-4.51,-4.51,-4.41,-4.21,-4.31,-3.71,-3.81,-3.61,-4.11,-4.71,-3.81,-3.91,-3.91
6.69,4.69,3.69,3.99,0.19,-0.61,-2.71,-5.21,-5.51,-5.51,-6.01,-6.61,-6.91,-6.81,-6.51,-6.51,-6.31,-7.11,-6.01,-6.01,-5.91,-6.31,-6.41,-6.51,-6.41,-5.81,-5.71,-5.31,-5.01,-4.91,-4.21,-4.61,-4.81,-3.11,-4.01,-4.11,-4.21,-3.81,-3.31,-2.61,-3.31,-3.31,-3.21,-3.51,-2.31,-2.21,-2.61,-2.91,-3.31,-3.31,-4.21,-4.31,-4.71,-4.41,-3.51,-3.61,-4.91,-4.91,-5.21,-5.31,-5.41,-5.21,-5.61,-5.31,-4.71,-4.41,-5.21,-4.71,-5.11,-4.71,-4.51,-4.41,-3.91,-4.31,-4.41,-4.31,-4.21,-3.51,-3.61
3.99,3.39,2.09,0.39,-0.81,-1.11,-2.91,-4.91,-5.41,-5.71,-6.01,-7.11,-6.51,-5.41,-6.31,-6.91,-5.91,-7.01,-6.41,-5.51,-5.71,-5.91,-6.21,-6.81,-6.01,-6.01,-5.31,-4.91,-4.81,-5.41,-4.81,-4.91,-4.01,-3.51,-3.71,-3.51,-3.11,-2.61,-2.31,-1.11,-3.71,-4.01,-3.51,-2.61,-2.21,-2.71,-2.41,-2.81,-2.81,-3.01,-3.81,-4.31,-4.71,-3.81,-2.61,-3.41,-5.81,-5.91,-5.91,-5.51,-6.01,-5.41,-5.91,-5.41,-5.01,-4.81,-4.71,-4.51,-4.41,-4.21,-4.01,-4.51,-4.81,-4.21,-4.31,-4.51,-3.61,-3.71,-3.41
1.29,1.29,-0.71,-2.61,-2.01,-3.41,-3.71,-4.31,-5.21,-5.91,-6.51,-6.81,-6.21,-5.91,-6.11,-7.41,-6.71,-6.31,-6.21,-5.31,-4.81,-5.81,-5.11,-6.51,-6.01,-5.71,-5.01,-3.31,-4.11,-4.81,-5.21,-4.61,-4.21,-4.21,-3.71,-2.81,-3.01,-1.91,-0.41,-2.11,-3.71,-3.41,-3.21,-2.61,-1.81,-1.91,-1.91,-2.91,-0.91,-1.91,-3.21,-3.31,-4.01,-5.81,-4.81,-4.51,-5.11,-6.21,-6.81,-6.01,-5.51,-5.11,-5.71,-5.81,-5.51,-5.71,-5.21,-4.31,-3.61,-4.21,-4.61,-4.61,-3.71,-4.11,-3.81,-4.21,-4.11,-3.41,-3.11
-0.11,-2.81,-1.51,-1.81,-2.21,-3.11,-4.81,-4.71,-5.41,-6.31,-6.31,-5.51,-6.51,-6.21,-5.91,-6.71,-6.71,-6.41,-5.91,-5.11,-5.51,-5.01,-5.71,-6.21,-5.91,-5.21,-5.21,-3.11,-3.81,-3.61,-4.11,-4.21,-4.61,-4.11,-3.51,-2.51,-1.81,-2.01,-0.51,-0.11,-3.51,-2.51,-3.11,-2.11,-2.21,-1.51,-0.51,-2.91,-1.31,-3.71,-2.61,-1.71,-5.11,-6.31,-4.81,-4.61,-5.41,-6.31,-5.71,-6.01,-5.71,-4.91,-6.31,-6.41,-6.21,-6.21,-5.21,-4.81,-3.91,-4.51,-4.41,-4.51,-4.71,-4.21,-4.41,-3.91,-3.91,-3.21,-3.61
-4.11,-3.21,-4.21,-3.71,-2.31,-3.71,-5.11,-5.81,-6.81,-6.41,-6.01,-6.11,-6.41,-6.21,-6.41,-5.91,-6.01,-6.21,-5.81,-5.31,-4.81,-4.51,-5.11,-5.61,-6.21,-5.01,-4.31,-3.11,-3.11,-3.71,-3.81,-3.41,-3.51,-1.41,-1.91,-1.81,-1.01,-1.01,-1.01,-0.81,-0.81,-3.01,-3.41,-2.51,-2.01,-1.71,-2.01,-1.91,-1.81,-3.01,-2.41,-3.01,-4.31,-5.31,-4.51,-5.21,-6.91,-6.41,-6.11,-5.71,-4.71,-5.91,-6.21,-7.21,-6.41,-6.61,-5.71,-5.41,-5.31,-5.81,-5.21,-5.11,-5.21,-4.71,-4.61,-4.41,-4.01,-4.31,-4.51
-4.81,-4.41,-5.51,-6.01,-5.91,-6.41,-6.31,-6.81,-7.41,-7.11,-6.11,-5.91,-6.41,-6.01,-5.91,-5.51,-4.71,-5.31,-5.21,-4.81,-5.21,-5.21,-4.61,-4.41,-4.41,-4.81,-3.61,-2.41,-2.81,-3.31,-2.81,-2.81,-2.81,-2.51,-1.71,-1.71,-1.21,-1.41,-1.01,-2.31,-2.31,-3.01,-2.61,-3.11,-2.91,-2.31,-1.81,-1.41,-1.71,-2.11,-2.11,-2.31,-3.91,-4.61,-3.91,-6.01,-6.41,-6.11,-7.01,-5.21,-6.41,-6.31,-7.01,-7.41,-6.21,-5.71,-6.41,-6.41,-6.61,-6.21,-7.01,-6.51,-6.01,-6.31,-5.51,-4.71,-4.71,-5.91,-6.71
-5.41,-5.51,-6.31,-7.11,-7.51,-7.31,-6.41,-7.11,-7.31,-7.51,-6.51,-6.01,-6.41,-5.41,-6.01,-5.41,-5.01,-5.01,-5.21,-5.21,-5.21,-4.31,-4.21,-3.61,-3.01,-4.21,-2.91,-2.21,-2.01,-1.61,-1.71,-0.51,-1.01,-1.21,-2.31,-1.61,-2.21,-1.41,-2.01,-2.11,-2.41,-3.11,-3.51,-3.91,-3.01,-2.81,-2.51,-2.21,-2.61,-2.31,-2.51,-3.51,-3.21,-3.01,-4.71,-5.71,-6.81,-5.71,-6.31,-6.31,-6.31,-6.71,-7.21,-7.41,-6.61,-5.41,-6.61,-6.71,-6.81,-6.71,-7.21,-6.81,-7.21,-6.81,-6.21,-5.91,-6.41,-7.01,-7.11
-6.91,-4.01,-7.31,-8.11,-7.71,-6.71,-7.21,-7.11,-7.71,-7.01,-7.01,-6.21,-5.71,-5.81,-5.21,-5.11,-5.01,-4.81,-4.81,-5.41,-5.51,-4.71,-3.41,-3.01,-2.71,-2.51,-2.01,-2.11,-1.71,-1.41,-1.31,-0.51,-1.41,-1.51,-3.71,-3.71,-4.71,-3.71,-2.71,-2.11,-2.01,-2.91,-2.91,-2.81,-3.11,-3.41,-2.91,-3.31,-2.71,-1.91,-2.01,-2.41,-2.41,-2.41,-4.31,-4.91,-6.91,-4.81,-6.41,-6.31,-6.11,-7.31,-6.51,-6.91,-6.21,-6.31,-6.11,-6.91,-6.61,-7.11,-6.61,-5.61,-6.91,-7.11,-6.71,-6.61,-6.61,-7.71,-7.71
-6.61,-9.31,-7.41,-1.41,-6.51,-6.91,-7.71,-8.01,-7.81,-7.31,-7.31,-6.21,-5.81,-5.51,-5.31,-5.51,-5.51,-4.91,-5.01,-6.11,-5.81,-4.41,-3.91,-3.21,-2.41,-2.11,-3.01,-2.01,-1.41,-1.31,-1.41,-0.31,0.19,-0.61,-1.91,-2.81,-3.51,-4.71,-2.91,-3.21,-2.41,-2.81,-2.71,-3.31,-2.51,-2.91,-3.61,-4.01,-3.11,-1.81,-1.81,-2.11,-2.21,-3.21,-5.11,-5.51,-6.01,-5.71,-5.81,-6.41,-6.61,-6.71,-6.61,-6.41,-5.81,-7.71,-6.71,-6.41,-6.51,-5.51,-7.21,-4.11,-6.31,-7.11,-6.31,-6.31,-6.51,-7.71,-7.81
-5.71,1.59,-0.31,-5.21,-6.71,-7.21,-7.91,-8.01,-7.61,-7.21,-7.61,-6.81,-6.51,-5.41,-6.41,-5.81,-5.61,-4.61,-4.61,-5.71,-6.01,-5.61,-5.31,-5.21,-3.51,-1.51,-2.01,-1.91,-1.81,-1.71,-1.91,-1.31,-0.91,-0.51,-1.51,-1.31,-2.91,-4.21,-3.61,-4.11,-3.01,-2.61,-3.01,-3.21,-2.01,-2.61,-2.71,-3.71,-4.01,-3.21,-1.01,-1.71,-1.71,-2.51,-3.91,-5.51,-5.41,-5.91,-5.31,-6.71,-6.11,-6.61,-6.91,-6.41,-7.21,-6.81,-7.41,-5.51,-6.81,-6.81,-6.11,-6.61,-6.01,-5.61,-4.91,-4.71,-6.21,-7.81,-7.01
-4.71,-8.91,-7.51,-4.91,-4.61,-7.41,-7.21,-7.71,-7.51,-7.21,-7.31,-7.61,-7.01,-6.71,-6.91,-5.91,-5.01,-4.81,-5.91,-5.81,-5.71,-4.81,-3.11,-5.11,-4.21,-2.11,-1.11,-0.61,-1.21,-1.31,-2.21,-2.31,-2.31,-2.31,-2.11,-1.91,-1.01,-1.41,-2.91,-3.31,-3.01,-2.41,-1.41,-1.81,-1.81,-1.61,-1.91,-2.71,-4.31,-4.41,-2.71,-1.51,-1.51,-2.21,-3.81,-5.41,-4.91,-4.61,-5.71,-6.71,-6.51,-6.31,-6.51,-6.31,-7.21,-8.21,-7.21,-6.11,-5.91,-6.41,-7.01,-7.01,-5.81,-4.91,-5.41,-5.51,-5.31,-7.91,-6.21
-6.11,-7.01,-6.01,-6.81,-6.91,-7.11,-7.21,-7.21,-6.21,-6.91,-7.21,-7.41,-7.01,-6.91,-6.81,-6.71,-5.71,-5.61,-5.51,-6.21,-5.11,-3.81,-2.31,-4.71,-4.11,-1.21,0.49,0.29,-0.91,-1.41,-2.11,-2.51,-2.21,-3.51,-2.51,-1.31,-1.61,-1.61,-1.71,-1.41,-0.51,-1.71,-1.11,-0.91,-0.41,-1.11,-1.31,-2.21,-3.41,-4.11,-4.21,-3.01,-2.01,-2.21,-4.31,-5.31,-4.61,-5.11,-4.91,-5.21,-6.81,-6.21,-6.21,-7.11,-6.91,-6.81,-7.01,-6.71,-6.81,-5.91,-7.71,-5.91,-6.21,-5.01,-5.51,-5.61,-5.31,-7.21,-6.01
-4.81,-6.51,-6.81,-6.31,-6.91,-7.11,-6.71,-6.61,-7.11,-6.61,-6.21,-6.41,-6.81,-6.21,-6.61,-6.51,-6.01,-6.11,-5.61,-5.61,-4.91,-3.91,-2.31,-4.11,-3.11,-2.11,-2.01,-1.91,-0.81,-2.61,-2.51,-3.41,-4.51,-3.81,-3.01,-2.91,-3.01,-1.91,-1.61,-0.61,-0.81,-0.71,0.19,0.19,-0.01,-0.31,-0.91,-1.91,-2.41,-3.21,-3.41,-3.61,-3.21,-3.01,-3.81,-4.61,-4.61,-4.21,-5.01,-5.11,-6.01,-6.11,-6.31,-6.81,-6.71,-6.61,-7.11,-6.71,-7.81,-5.81,-7.21,-5.11,-5.71,-5.81,-6.51,-5.81,-5.31,-5.71,-5.51
-4.71,-5.11,-5.51,-5.51,-5.51,-6.41,-6.41,-6.81,-7.51,-6.31,-5.41,-6.51,-6.11,-5.11,-5.21,-5.51,-5.81,-6.11,-5.51,-5.11,-5.41,-4.31,-3.11,-2.51,-1.91,-3.21,-4.01,-5.21,-4.01,-3.21,-3.21,-4.81,-3.61,-1.51,-1.81,-3.71,-3.91,-4.51,-3.21,-3.11,-2.61,-2.11,-1.21,-1.41,-0.81,-0.41,-0.11,-1.11,-2.41,-1.71,-2.21,-2.81,-3.41,-2.71,-2.41,-2.91,-3.01,-4.01,-4.71,-5.31,-4.21,-5.81,-4.91,-7.61,-6.41,-5.81,-7.11,-7.01,-6.91,-6.51,-5.71,-5.51,-6.71,-6.61,-6.01,-5.71,-5.91,-6.31,-5.61
