gfs.json
{"header": {"discipline": 0, "disciplineName": "Meteorological products", "gribEdition": 2, "center": "kwbc", "centerName": "US National Weather Service - NCEP(WMC)", "subcenter": 0, "refTime": "2026-04-12T00:00:00.000Z", "significanceOfRT": 1, "significanceOfRTName": "Start of forecast", "productStatus": 0, "productStatusName": "Operational products", "productType": 1, "productTypeName": "Forecast products", "productDefinitionTemplate": 0, "productDefinitionTemplateName": "Analysis/forecast at horizontal level/layer at a point in time", "parameterCategory": 2, "parameterCategoryName": "Momentum", "parameterNumber": 2, "parameterNumberName": "U-component_of_wind", "parameterUnit": "m.s-1", "genProcessType": 2, "genProcessTypeName": "Forecast", "forecastTime": 0, "surface1Type": "sfc", "surface1TypeName": "Unknown", "surface1Value": 10, "surface2Type": 255, "surface2TypeName": "Missing", "surface2Value": 0, "gridDefinitionTemplate": 0, "gridDefinitionTemplateName": "Latitude_Longitude", "numberPoints": 65160, "shape": 6, "shapeName": "Earth spherical with radius of 6,371,229.0 m", "gridUnits": "degrees", "resolution": 48, "winds": "true", "scanMode": 0, "nx": 360, "ny": 181, "basicAngle": 0, "subDivisions": 0, "lo1": 0.0, "la1": 90.0, "lo2": 359.0, "la2": -90.0, "dx": 1.0, "dy": 1.0}, "data":
[rows 140 to 174 of 181, columns 158 to 236 of 360]
-0.62,-3.72,-6.22,-5.92,-4.52,-2.92,-0.72,2.68,1.98,5.88,2.78,0.88,-2.12,1.48,1.08,0.38,-1.72,-3.42,-4.22,-6.02,-5.52,-5.52,-3.52,-3.42,-2.72,-1.12,-0.92,-0.32,0.78,0.68,0.98,0.28,0.58,-0.02,-0.22,-1.42,-1.02,-3.12,-2.02,-1.82,-2.12,-2.42,-2.42,-3.42,-4.92,-5.62,-5.12,-5.32,-5.02,-4.82,-4.82,-4.32,-4.12,-4.32,-4.32,-4.42,-4.62,-5.22,-5.52,-5.42,-5.52,-5.52,-5.92,-6.22,-6.32,-6.72,-6.52,-6.02,-5.62,-5.22,-4.92,-4.22,-3.32,-2.02,-0.92,0.58,2.18,3.58,5.18
-10.82,-9.92,-9.42,-7.92,-5.72,-2.92,-0.42,1.08,2.88,3.88,0.98,0.08,-2.22,0.28,0.18,0.38,-2.52,-3.42,-3.22,-5.02,-5.32,-3.02,-1.02,-1.92,-1.82,-0.52,-0.02,1.08,0.88,0.48,0.58,0.38,2.28,0.98,1.78,0.88,1.48,-0.52,-1.32,-1.62,-0.62,-2.92,-2.52,-1.92,-0.92,-4.12,-5.52,-3.52,-3.12,-3.02,-3.42,-4.52,-4.92,-6.52,-7.12,-7.12,-7.22,-7.02,-7.42,-6.52,-6.22,-6.22,-5.82,-5.52,-5.32,-5.42,-5.42,-5.02,-4.12,-3.72,-3.32,-3.02,-2.22,-1.22,-0.02,1.38,2.68,4.08,5.38
-11.22,-10.32,-9.52,-7.52,-5.82,-3.82,0.08,-0.52,4.78,4.58,3.78,0.88,-1.32,-0.32,0.08,-0.52,-2.42,-2.72,-3.12,-5.12,-3.82,-1.12,-0.02,-1.32,-0.42,0.58,2.78,1.88,2.28,0.38,1.48,2.28,2.98,3.28,3.28,2.58,2.98,3.28,1.68,1.38,0.68,-0.82,-2.42,-1.12,-2.02,-0.62,-1.22,-2.62,-2.72,-1.22,-1.82,-3.32,-4.92,-5.52,-6.52,-6.72,-6.52,-5.82,-5.52,-5.22,-5.42,-4.82,-4.42,-4.92,-5.12,-5.02,-4.92,-4.52,-3.72,-2.92,-2.22,-1.22,-0.12,0.88,2.58,4.38,6.28,6.78,8.58
-8.22,-7.82,-7.62,-6.82,-6.02,-4.22,-3.92,-2.72,-0.72,-0.22,4.78,0.28,-1.42,0.08,-0.42,-0.42,-1.32,-1.52,-2.52,-3.22,-0.92,0.18,0.78,0.68,1.18,1.98,4.48,3.78,3.28,3.18,3.08,3.18,3.58,3.18,4.28,3.48,3.28,5.08,4.48,3.88,2.88,0.18,0.38,-2.52,-1.62,-0.92,-1.62,-0.52,-0.82,-2.12,-0.82,-2.42,-2.72,-3.72,-3.82,-3.42,-4.02,-4.12,-3.92,-4.12,-4.02,-3.82,-3.72,-3.82,-3.42,-3.12,-2.62,-2.32,-1.72,-0.82,0.28,1.68,2.98,4.38,5.88,7.58,9.28,10.48,11.78
-8.22,-6.72,-6.32,-6.82,-6.62,-5.12,-5.92,-5.12,-2.22,-0.62,2.68,2.08,0.18,0.28,-0.02,-0.02,-0.02,-1.02,-0.92,-0.32,1.18,1.88,2.28,3.38,4.88,5.18,5.48,4.08,4.88,4.08,3.48,4.08,3.88,3.58,5.38,4.18,4.08,5.18,6.28,6.28,4.68,3.78,2.38,2.78,2.18,0.18,0.08,0.18,-0.22,-0.82,-0.72,-2.22,-2.82,-1.82,-1.22,-1.52,-2.42,-2.52,-2.42,-2.42,-2.42,-2.22,-1.82,-1.42,-0.92,-0.42,0.08,0.48,1.08,2.08,3.38,4.38,5.48,6.88,8.58,9.98,11.38,12.08,13.78
-8.62,-7.92,-7.52,-6.42,-6.42,-3.52,-2.72,-2.42,-1.92,-2.82,-3.92,3.68,3.08,0.38,0.18,0.68,0.98,1.28,1.58,0.98,1.78,3.38,3.58,4.18,5.08,5.88,4.98,6.08,4.78,4.48,4.58,4.88,5.48,5.08,5.58,5.18,4.88,6.98,7.38,7.08,5.88,5.68,4.78,6.08,4.68,4.78,3.18,1.78,2.18,3.28,1.58,0.28,0.98,2.28,1.18,-0.12,-0.82,-0.52,-0.32,-0.12,0.08,0.58,0.88,1.08,1.58,2.08,2.28,2.68,3.38,4.38,5.28,6.18,7.58,8.88,10.38,11.68,12.18,13.08,13.78
-5.02,-6.02,-5.72,-6.32,-3.72,-1.42,-0.52,1.28,1.78,1.28,-0.02,-1.82,2.08,2.48,3.58,3.28,2.68,2.88,2.68,3.18,2.88,3.98,4.28,4.28,4.28,4.98,6.48,7.08,6.38,5.88,5.48,6.68,6.78,7.58,6.68,6.18,5.88,6.08,7.98,8.38,7.78,6.38,8.08,6.98,6.48,6.38,6.38,5.48,5.78,5.28,4.78,5.98,5.68,5.18,3.78,3.78,3.68,3.08,2.98,2.98,3.18,3.38,3.68,3.88,4.08,4.28,4.48,4.98,5.78,6.58,7.18,7.98,8.98,9.38,10.78,11.28,11.98,12.48,12.78
-3.42,-3.12,-3.12,-2.12,-1.92,-0.62,0.88,1.78,4.08,4.08,3.48,1.68,-1.22,0.88,3.48,3.68,3.78,3.98,4.18,3.88,3.88,4.18,4.98,4.88,4.38,4.68,5.28,5.68,5.98,6.18,5.98,6.68,7.78,8.48,8.38,7.78,7.18,7.58,7.68,7.48,9.88,8.48,7.38,8.48,7.68,9.78,7.98,7.88,7.58,8.08,7.78,7.48,6.78,7.28,7.48,7.38,7.28,7.18,7.38,6.98,6.58,7.08,6.98,6.88,6.78,6.78,6.58,7.08,7.58,7.68,8.58,9.08,9.78,10.48,10.78,11.38,12.08,12.98,13.28
-1.42,-0.12,0.78,0.68,0.48,0.38,0.78,2.18,4.28,4.98,4.58,5.48,1.98,0.58,-0.52,1.08,3.58,4.38,3.78,4.08,4.38,4.98,5.38,5.78,5.48,5.88,6.08,6.38,6.98,7.38,7.48,7.68,8.18,8.28,8.68,8.48,8.28,8.38,8.58,8.88,9.58,9.68,8.58,8.88,9.68,9.68,9.48,10.28,10.28,9.98,9.98,10.08,9.68,9.88,9.58,9.78,10.58,10.68,10.18,9.98,9.98,9.58,9.18,8.98,8.88,8.48,8.78,8.78,8.88,9.18,9.38,9.78,10.28,10.28,10.88,11.48,12.28,13.08,13.28
1.98,2.58,2.78,2.58,3.18,2.58,3.18,2.68,2.18,4.08,5.68,6.58,4.38,3.08,2.28,2.48,1.58,0.78,3.08,4.58,5.58,5.78,6.78,6.78,6.98,7.18,7.28,7.28,7.48,7.78,8.08,8.48,8.78,9.48,9.68,9.98,9.68,9.18,9.68,10.28,10.78,11.08,10.08,10.78,10.78,11.38,12.18,11.28,11.38,12.18,12.48,11.78,11.78,12.08,12.18,12.18,12.38,11.98,11.48,11.38,11.08,11.38,11.38,10.88,10.48,10.18,10.28,9.88,9.58,9.68,9.58,10.18,10.18,10.48,9.98,12.18,11.48,12.18,12.18
4.38,4.58,4.78,4.98,5.18,5.48,5.18,5.08,3.58,2.48,3.88,4.38,5.18,4.28,3.48,3.98,3.78,3.38,1.78,-0.02,1.08,3.08,4.98,5.88,6.48,6.98,7.78,8.18,8.28,7.98,7.48,7.88,8.68,9.38,10.18,10.28,10.28,10.58,10.78,10.88,11.28,12.38,11.88,11.38,12.18,12.48,12.58,13.08,13.68,13.58,12.98,13.78,14.08,13.48,13.28,13.38,13.98,13.68,13.38,12.48,12.28,12.18,11.98,12.18,11.68,11.28,10.88,10.08,10.38,9.18,10.58,10.18,9.68,9.88,10.58,10.58,10.78,11.38,11.48
7.08,6.98,7.28,7.58,7.48,6.78,6.58,6.48,5.58,4.88,4.28,3.88,4.68,4.48,4.68,5.28,6.28,5.88,4.48,3.98,3.38,2.38,2.78,2.18,2.38,2.18,3.18,4.48,4.98,5.68,6.68,7.38,7.68,8.68,9.68,9.88,10.18,10.78,10.98,11.08,12.08,13.08,13.08,12.98,14.18,14.88,14.78,14.58,14.78,15.38,15.38,15.18,15.38,15.38,15.08,14.48,13.98,13.98,14.78,13.38,12.38,12.58,12.68,11.08,12.18,11.78,10.18,11.18,9.38,9.98,10.88,8.98,10.18,10.18,9.68,9.78,9.78,9.78,10.78
10.28,10.38,9.88,9.28,9.38,9.18,9.18,7.88,7.88,7.58,6.48,5.28,4.68,4.38,4.98,5.18,4.88,5.78,4.88,5.08,4.78,4.58,4.78,5.18,4.88,4.58,4.88,4.58,4.28,4.88,5.88,7.58,8.38,7.48,9.18,9.68,10.08,10.78,11.28,11.68,12.48,13.28,13.98,14.48,14.68,15.18,16.18,16.18,16.58,16.88,16.98,16.58,17.68,17.78,17.38,17.08,16.08,14.58,14.48,13.68,13.18,12.18,10.58,9.58,10.98,10.78,10.48,9.08,9.48,10.48,9.28,10.38,9.48,9.88,8.98,9.28,8.68,9.18,9.38
4.58,4.18,6.88,9.98,10.48,10.38,9.88,9.78,10.38,8.48,7.38,7.28,7.58,6.78,5.68,5.38,4.78,4.88,3.88,4.58,4.18,4.68,3.48,2.78,3.18,3.58,4.28,4.78,5.28,6.08,6.48,7.08,8.28,8.28,9.78,9.08,10.38,10.88,11.48,11.98,12.58,13.38,14.08,14.48,14.58,15.08,15.48,16.08,16.88,17.28,18.08,18.78,19.18,19.58,18.58,18.18,17.98,16.68,14.28,12.48,11.98,9.98,7.98,8.18,9.28,9.28,7.08,7.08,6.68,8.48,9.98,10.38,9.18,9.68,7.28,8.98,7.68,7.58,7.38
4.48,3.98,4.08,4.68,5.08,5.18,5.18,6.88,9.78,9.68,9.28,9.48,9.28,9.48,8.18,6.98,6.18,5.68,5.08,4.78,5.68,6.08,5.98,5.88,6.78,6.48,6.98,7.48,7.88,7.88,8.58,9.28,9.48,9.88,10.18,10.18,10.78,10.88,11.28,12.98,12.98,11.48,13.18,13.48,13.68,12.68,12.88,12.78,15.08,15.88,14.18,16.58,17.48,16.68,17.38,17.18,17.08,16.38,13.58,11.98,8.18,4.98,3.18,3.38,4.58,3.78,4.68,6.58,7.48,9.88,8.58,9.28,8.18,7.88,8.48,7.28,7.08,6.58,6.18
2.78,3.68,4.38,4.28,4.78,5.28,5.38,3.48,4.38,4.98,5.48,5.78,7.78,8.78,9.48,10.38,10.98,10.88,9.78,10.48,9.98,10.38,9.78,9.48,9.58,10.08,9.98,10.38,10.68,10.78,10.68,10.88,11.28,11.38,11.18,11.28,11.58,11.28,11.48,11.58,11.78,11.88,12.08,11.48,11.58,11.38,12.68,12.58,12.78,12.28,12.58,13.58,13.98,13.78,13.68,14.18,14.28,14.28,12.28,9.48,4.18,-0.32,-0.32,1.18,1.68,4.08,7.38,8.08,9.48,7.68,7.88,7.78,7.28,8.08,7.48,7.58,6.58,5.98,5.38
-2.72,-3.02,-3.02,-2.72,-2.42,-1.62,-0.42,-0.22,0.58,1.98,3.28,4.78,5.38,5.88,6.58,6.98,8.08,8.18,9.88,11.18,12.08,11.88,13.48,13.08,13.68,13.58,13.38,13.68,12.88,12.58,12.78,13.48,13.68,13.38,13.78,13.88,13.58,13.28,13.48,13.18,13.38,13.38,12.68,11.88,11.68,11.78,11.38,11.88,12.28,11.28,11.28,12.18,12.58,12.18,13.48,12.38,12.08,10.38,5.58,-0.22,-1.02,-2.42,-0.52,-0.82,2.18,5.68,8.48,5.18,7.18,7.58,5.28,5.98,8.58,5.18,7.18,7.18,4.38,5.38,5.48
-4.42,-4.62,-5.12,-5.82,-6.42,-7.42,-7.52,-7.32,-6.72,-5.22,-4.12,-3.42,-2.32,-0.72,0.88,2.38,4.08,5.68,6.88,10.18,11.58,12.78,13.28,12.98,13.18,13.68,14.18,14.88,14.68,14.78,15.08,14.98,14.58,14.48,14.18,13.58,13.38,13.08,12.88,12.78,13.18,13.38,13.38,13.28,12.48,11.48,10.58,10.78,11.08,11.18,11.98,10.98,10.48,10.48,10.78,11.28,3.78,-1.92,-3.52,-3.52,-2.82,-0.32,-0.62,2.78,3.98,2.88,3.58,4.18,4.48,3.18,6.28,5.98,3.98,6.28,6.38,6.68,6.08,6.28,5.68
-2.72,-3.32,-5.32,-6.42,-7.42,-8.72,-10.02,-10.52,-10.12,-9.22,-7.62,-8.72,-7.42,-6.42,-4.52,-2.52,-0.92,1.18,2.78,3.68,5.18,6.28,8.18,10.48,11.38,10.68,10.78,11.28,11.48,11.18,11.48,12.18,12.48,12.28,12.08,11.58,11.28,10.88,10.48,11.78,11.58,11.08,10.38,11.58,11.18,10.28,11.38,11.08,11.88,11.88,10.68,10.38,9.88,5.88,0.18,-3.52,-5.42,-4.42,-4.22,-3.22,-3.12,-1.42,0.08,-0.42,0.68,2.78,3.28,3.08,5.18,3.98,6.38,4.68,3.78,6.78,5.88,6.38,6.98,6.48,5.68
0.08,-0.02,0.18,-1.72,-0.92,-2.22,-6.82,-9.12,-9.52,-8.22,-8.32,-7.52,-7.72,-9.22,-6.82,-6.82,-4.32,-2.82,-2.12,-1.52,-0.62,0.28,1.38,2.08,2.88,7.08,8.38,8.88,8.98,8.58,8.68,8.68,9.08,9.38,9.18,8.68,8.68,8.78,10.38,11.48,12.48,12.38,10.58,10.58,11.78,12.58,12.28,10.58,10.08,10.08,4.08,-4.92,-5.62,-6.62,-6.02,-6.12,-7.02,-6.72,-6.32,-3.52,-2.62,-0.62,0.28,0.38,1.58,3.78,2.78,3.68,5.38,3.18,1.58,2.68,4.18,4.58,5.48,5.88,5.88,5.58,5.48
-0.22,4.58,3.38,0.08,2.88,7.18,3.48,2.38,1.58,-7.42,-10.12,-10.82,-7.82,-5.92,-4.82,-3.62,-2.42,-2.52,-2.12,-1.72,-1.22,-0.72,-0.52,-1.22,-1.42,-0.62,0.28,1.58,6.08,5.88,5.38,5.08,6.68,6.58,6.88,7.28,7.78,7.68,7.48,6.98,6.98,7.28,8.38,10.98,6.68,-0.22,-5.52,-7.72,-8.02,-8.52,-7.52,-8.12,-9.12,-8.92,-8.22,-7.42,-6.02,-4.72,-3.62,-3.02,-1.52,-1.32,-0.82,1.08,2.78,3.88,3.58,4.28,4.28,1.08,1.68,3.48,4.78,5.58,6.18,6.88,6.78,5.78,6.18
-2.52,0.48,3.88,2.98,0.68,3.18,-0.82,-3.72,-0.42,2.38,1.58,-1.92,-7.32,-4.52,-2.52,-1.12,-0.82,-0.42,-0.82,-0.62,-0.32,-0.52,-1.42,-2.12,-3.02,-3.92,-4.92,-6.12,-7.02,-7.92,-8.62,-8.92,-9.52,-9.52,-9.32,-9.12,-8.82,-8.92,-9.32,-9.62,-10.22,-10.72,-11.02,-11.32,-11.62,-11.52,-11.42,-11.12,-10.62,-10.12,-9.72,-9.32,-8.62,-8.02,-7.12,-6.22,-5.02,-5.12,-5.12,-3.62,-2.32,-1.12,0.38,1.48,2.08,2.78,3.18,1.78,2.78,2.28,3.08,4.08,5.08,5.98,7.18,6.58,1.78,-3.72,-5.72
-1.12,2.08,3.68,3.28,3.68,-1.92,-2.42,-1.62,-2.12,-0.12,1.18,0.78,1.08,0.08,3.08,2.98,2.98,2.58,0.68,0.18,-0.32,-0.52,-0.82,-1.42,-2.02,-3.22,-4.62,-6.12,-7.52,-8.22,-8.92,-9.42,-9.72,-10.02,-10.32,-10.72,-10.92,-10.82,-10.92,-11.02,-10.92,-10.82,-10.82,-10.72,-10.32,-10.02,-9.62,-9.12,-8.62,-8.32,-8.12,-7.72,-6.82,-6.22,-6.22,-4.92,-4.02,-3.52,-3.02,-2.12,-1.52,-0.42,0.68,1.88,2.58,3.18,3.38,3.58,3.68,2.08,2.48,2.78,3.38,3.78,1.08,-4.92,-6.62,-7.02,-7.12
1.08,1.68,1.88,3.58,0.28,-2.52,-0.92,-4.02,1.98,1.28,2.08,2.98,9.18,7.18,5.88,5.88,4.28,3.48,1.78,0.78,-0.02,-0.62,-0.92,-1.42,-1.52,-1.92,-3.02,-4.42,-5.52,-6.32,-6.92,-7.52,-8.02,-8.42,-8.62,-8.72,-8.92,-8.92,-8.82,-8.82,-8.92,-8.82,-8.72,-8.42,-8.22,-7.92,-7.32,-6.82,-6.42,-5.82,-5.22,-4.82,-4.22,-4.02,-3.62,-3.12,-2.72,-2.22,-1.72,-0.82,0.18,0.98,1.58,1.48,0.88,0.48,1.48,-0.32,0.08,0.58,1.38,1.88,2.18,1.68,-0.22,-5.82,-6.42,-5.82,-6.52
5.18,5.28,2.68,0.48,-1.02,3.18,3.78,3.58,4.08,3.78,4.28,5.08,6.28,6.98,6.68,4.98,4.28,3.28,2.18,0.78,0.48,-0.52,-0.82,-0.82,-1.32,-1.42,-1.92,-3.02,-4.12,-4.82,-5.52,-6.02,-6.52,-6.82,-6.92,-6.82,-6.82,-6.72,-6.72,-6.42,-6.22,-6.02,-5.72,-5.42,-5.22,-4.92,-4.72,-4.42,-4.12,-3.72,-3.52,-3.22,-2.92,-2.72,-2.62,-2.22,-1.92,-1.32,-0.92,-0.72,-0.82,-0.62,-0.32,-0.82,-1.52,-1.92,-3.62,-3.62,-4.02,-5.32,-5.52,-5.42,-5.82,-6.52,-6.82,-6.52,-4.52,-4.52,-2.62
5.98,5.88,6.38,4.48,5.18,3.58,5.08,6.38,5.98,5.78,5.58,5.58,4.78,4.18,4.58,4.18,3.68,2.68,1.58,0.68,0.58,-0.72,-0.82,-0.82,-1.02,-1.62,-1.82,-2.22,-2.92,-3.52,-4.02,-4.32,-4.52,-4.52,-4.32,-4.32,-4.32,-4.22,-4.12,-4.02,-3.92,-3.82,-3.62,-3.52,-3.42,-3.32,-3.12,-2.82,-2.52,-2.12,-1.82,-1.62,-1.52,-1.62,-1.82,-1.82,-1.92,-3.12,-3.12,-2.82,-2.42,-1.52,-0.82,-1.12,-2.62,-3.52,-4.72,-0.12,-1.22,-5.02,-2.72,-1.12,-2.12,-1.92,-4.22,-6.42,-3.82,-2.02,-1.42
1.68,3.18,3.08,4.68,4.38,1.38,2.98,3.38,3.48,3.38,2.68,1.68,1.58,2.58,1.58,1.78,1.48,1.38,0.78,0.68,-0.02,-0.52,-0.52,-1.02,-1.22,-1.42,-2.22,-2.42,-2.82,-2.82,-2.72,-2.82,-2.92,-2.92,-2.92,-2.82,-2.82,-2.92,-2.92,-2.82,-2.82,-2.72,-2.62,-2.52,-2.52,-2.72,-2.72,-3.12,-3.22,-3.32,-4.12,-4.22,-4.62,-5.12,-4.32,-1.72,-4.02,-3.92,-4.52,-4.42,-1.42,-1.92,-4.32,-3.22,-2.42,-1.12,-3.32,-0.82,-0.32,-3.72,-0.62,-0.52,-3.22,-4.52,-4.32,-4.22,-2.62,-1.92,-1.52
1.48,3.88,4.48,6.28,5.78,3.98,0.58,0.68,1.68,0.78,0.08,-0.12,-0.92,0.38,0.68,0.58,-0.42,-0.12,-0.22,0.18,-0.12,-0.62,-0.52,-0.82,-1.22,-0.92,-1.02,-1.12,-1.82,-2.12,-2.12,-2.12,-2.42,-2.62,-2.72,-2.52,-2.42,-2.22,-2.12,-1.92,-1.62,-1.42,-1.72,-2.32,-2.62,-2.52,-3.32,-3.62,-3.62,-2.92,-3.72,-3.32,-2.52,-2.12,-2.52,-1.72,-1.82,-3.52,-2.42,-2.02,-1.02,1.18,1.38,0.78,1.08,1.18,1.38,1.08,1.48,1.98,1.58,0.68,-0.22,-1.12,-2.52,-2.02,1.38,1.68,0.78
4.18,4.08,2.78,1.78,-0.92,2.78,2.68,0.88,-2.12,-1.52,-0.22,1.38,3.18,3.28,3.18,2.38,0.88,0.38,0.28,0.18,-0.12,-0.32,-0.52,-0.82,-1.32,-1.42,-1.62,-1.52,-1.52,-2.12,-1.82,-2.12,-1.62,-1.92,-2.02,-2.22,-2.32,-2.82,-2.82,-2.72,-2.32,-2.02,-2.32,-2.12,-2.32,-1.82,-0.72,0.68,-0.72,-1.82,-1.42,-0.42,-0.52,-1.52,-2.22,-2.02,-0.92,-1.82,-3.12,-1.42,0.18,-0.22,-0.52,-0.32,0.18,0.48,0.68,0.98,1.08,0.98,0.78,0.38,0.38,0.78,1.18,1.28,0.68,0.88,0.78
2.98,3.38,5.88,6.58,2.38,2.18,3.18,4.08,4.88,5.58,5.78,5.68,5.28,4.08,2.08,1.48,0.98,0.48,0.18,-0.12,-0.32,-0.52,-0.72,-0.92,-1.02,-0.92,-1.02,-1.12,-1.22,-1.12,-1.12,-1.22,-1.32,-1.32,-1.12,-0.92,-0.62,-0.12,-1.02,-2.62,-1.72,-1.62,-1.42,-1.42,-1.62,-1.82,-2.02,-1.92,-1.22,-0.22,-0.62,-0.92,-1.92,-2.02,-1.82,-2.22,-1.92,0.18,2.58,3.08,2.68,1.88,1.48,1.28,0.08,-1.22,-2.02,-1.72,-0.92,-0.82,-1.62,-2.02,-2.12,-2.32,-2.22,-1.72,-1.42,-1.92,-2.22
2.08,4.68,5.48,4.18,3.48,2.48,2.08,2.48,2.68,2.78,2.68,1.98,1.18,0.78,0.88,0.68,0.28,-0.12,-0.42,-0.62,-0.82,-1.02,-1.22,-1.32,-1.52,-1.52,-1.52,-1.62,-1.72,-1.72,-1.72,-1.82,-1.82,-1.92,-2.02,-2.32,-2.62,-3.02,-3.52,-4.02,-4.12,-3.42,-2.42,-2.12,-2.32,-2.62,-3.02,-3.42,-3.62,-3.52,-3.42,-3.32,-3.52,-3.82,-4.12,-4.32,-4.12,-4.12,-4.42,-4.52,-4.62,-4.62,-4.72,-4.62,-3.52,-2.92,-3.42,-3.62,-3.72,-3.62,-2.92,-2.62,-2.62,-2.62,-2.92,-2.92,-2.92,-3.22,-3.22
1.78,4.38,3.88,2.48,0.98,0.68,0.08,-0.12,0.58,0.88,0.78,0.68,0.48,0.58,0.78,0.68,0.08,-0.82,-1.62,-1.72,-1.72,-1.82,-1.92,-2.02,-2.12,-2.12,-2.22,-2.42,-2.62,-2.62,-2.72,-2.82,-2.82,-2.82,-2.72,-2.72,-2.82,-3.02,-3.52,-3.72,-3.72,-3.52,-3.22,-2.82,-2.32,-2.02,-2.82,-4.22,-4.32,-3.72,-3.22,-3.12,-3.62,-4.42,-4.82,-4.72,-3.92,-3.22,-3.02,-3.22,-3.32,-3.52,-3.52,-3.22,-3.12,-2.92,-2.72,-2.72,-2.62,-2.22,-2.12,-2.52,-2.82,-3.12,-3.42,-3.72,-3.72,-3.92,-3.92
2.28,2.88,3.48,3.78,3.78,3.88,2.38,1.28,0.48,-0.62,-0.42,-0.22,-0.32,-0.42,-0.32,-0.52,-0.62,-0.82,-1.12,-1.42,-2.32,-2.32,-2.52,-2.42,-2.52,-2.62,-2.72,-2.82,-3.02,-3.12,-3.32,-3.42,-3.42,-3.22,-2.92,-2.72,-2.52,-2.22,-2.02,-1.82,-1.62,-1.42,-1.42,-1.42,-1.32,-1.32,-1.32,-1.22,-1.12,-1.32,-1.62,-1.32,-0.82,-0.62,-0.52,-0.22,-0.22,-0.42,-0.82,-1.52,-2.42,-3.22,-3.92,-4.12,-3.82,-3.82,-4.22,-4.22,-4.12,-3.92,-3.62,-3.52,-3.72,-3.92,-3.92,-4.12,-4.12,-4.02,-3.82
1.68,-1.92,-2.32,0.78,3.58,4.68,-1.22,-3.32,0.38,3.38,3.08,1.08,-0.12,-0.12,-0.12,-0.42,-0.72,-1.12,-1.22,-1.52,-1.72,-2.12,-2.12,-2.22,-2.52,-2.72,-2.62,-2.72,-2.82,-3.02,-3.12,-3.02,-2.92,-2.82,-2.72,-2.52,-2.32,-2.32,-2.32,-2.32,-1.92,-1.92,-2.12,-2.42,-2.52,-2.42,-2.72,-3.02,-3.32,-3.72,-4.02,-4.32,-4.52,-4.42,-4.02,-3.52,-3.42,-3.42,-3.72,-3.32,-3.52,-4.12,-4.02,-3.42,-2.92,-3.02,-3.02,-3.12,-3.52,-4.12,-4.42,-4.82,-5.12,-5.42,-5.72,-6.02,-6.22,-6.32,-6.42
0.98,1.98,3.28,4.08,4.08,3.88,0.38,-2.52,-2.72,0.68,3.58,3.98,3.68,2.58,0.48,0.18,0.98,1.38,1.38,1.48,0.58,0.48,0.08,-0.32,-0.82,-1.62,-1.52,-1.72,-2.12,-2.52,-3.02,-3.22,-3.32,-3.42,-3.42,-3.42,-3.52,-3.62,-3.72,-3.82,-3.92,-3.92,-4.02,-4.12,-4.32,-4.62,-4.72,-4.92,-4.92,-4.92,-4.92,-4.92,-4.92,-4.82,-4.52,-4.02,-3.72,-4.12,-5.22,-6.22,-6.52,-6.42,-5.92,-5.62,-5.52,-5.72,-5.92,-6.02,-6.42,-7.12,-8.12,-8.92,-9.02,-8.52,-7.62,-6.92,-6.62,-6.62,-6.92
