gfs.json
{"header": {"discipline": 0, "disciplineName": "Meteorological products", "gribEdition": 2, "center": "kwbc", "centerName": "US National Weather Service - NCEP(WMC)", "subcenter": 0, "refTime": "2026-04-08T18:00:00.000Z", "significanceOfRT": 1, "significanceOfRTName": "Start of forecast", "productStatus": 0, "productStatusName": "Operational products", "productType": 1, "productTypeName": "Forecast products", "productDefinitionTemplate": 0, "productDefinitionTemplateName": "Analysis/forecast at horizontal level/layer at a point in time", "parameterCategory": 2, "parameterCategoryName": "Momentum", "parameterNumber": 2, "parameterNumberName": "U-component_of_wind", "parameterUnit": "m.s-1", "genProcessType": 2, "genProcessTypeName": "Forecast", "forecastTime": 0, "surface1Type": "sfc", "surface1TypeName": "Unknown", "surface1Value": 10, "surface2Type": 255, "surface2TypeName": "Missing", "surface2Value": 0, "gridDefinitionTemplate": 0, "gridDefinitionTemplateName": "Latitude_Longitude", "numberPoints": 65160, "shape": 6, "shapeName": "Earth spherical with radius of 6,371,229.0 m", "gridUnits": "degrees", "resolution": 48, "winds": "true", "scanMode": 0, "nx": 360, "ny": 181, "basicAngle": 0, "subDivisions": 0, "lo1": 0.0, "la1": 90.0, "lo2": 359.0, "la2": -90.0, "dx": 1.0, "dy": 1.0}, "data":
[rows 35 to 69 of 181, columns 237 to 315 of 360]
0.27,1.37,1.97,2.27,2.47,2.17,2.17,2.67,2.27,1.17,1.07,1.27,0.97,0.47,1.17,-0.13,-1.23,-1.33,-0.13,-2.03,-2.53,-3.03,-3.53,-3.43,-3.13,-3.53,-3.73,-3.83,-3.43,-3.53,-3.33,-3.13,-2.23,-2.43,-1.93,-1.63,-0.53,0.27,1.27,1.77,2.57,3.77,3.87,4.67,5.07,5.87,6.87,7.57,8.07,8.87,8.67,8.97,9.77,10.07,10.17,9.87,10.07,9.57,9.87,9.97,10.37,11.17,9.17,9.77,10.17,9.67,9.47,9.47,11.07,13.37,14.07,13.97,14.37,14.47,14.67,14.97,15.27,15.37,15.67
2.67,0.37,0.57,1.27,1.37,1.57,1.87,1.67,1.97,1.97,1.47,1.27,1.27,1.47,0.37,-0.23,-0.83,-1.33,-2.83,-2.43,-2.43,-3.83,-4.93,-6.43,-4.63,-5.13,-5.33,-5.23,-5.33,-5.33,-5.23,-4.73,-4.63,-3.83,-3.63,-4.33,-3.73,-2.43,-1.03,0.07,-0.13,0.07,1.97,2.77,3.37,4.87,6.27,4.97,6.07,7.17,8.37,8.57,8.47,9.47,9.87,7.87,10.67,8.97,8.87,10.17,10.67,12.27,7.27,6.57,7.77,6.57,8.67,9.27,8.67,8.67,11.57,12.57,13.27,13.97,14.47,14.97,15.47,15.67,15.87
1.67,1.07,0.77,1.77,1.27,0.77,0.37,0.67,2.07,2.37,1.77,0.57,1.47,0.47,0.57,-1.13,-1.83,-2.63,-2.83,-3.63,-2.83,-2.83,-5.13,-6.83,-6.13,-9.23,-5.03,-5.73,-5.83,-6.03,-7.53,-5.43,-5.43,-5.33,-5.83,-5.03,-4.03,-3.33,-2.33,-1.93,-1.23,-1.43,-0.33,0.87,2.37,4.67,6.57,7.07,7.87,8.67,7.47,7.47,9.37,8.97,7.77,7.87,6.67,6.57,7.17,6.67,6.67,6.87,6.47,6.17,6.97,6.87,6.27,6.17,8.17,7.67,8.57,11.57,13.57,13.87,13.97,14.47,14.97,14.57,14.67
2.07,-0.23,-0.53,1.27,1.47,1.17,2.37,0.67,-0.63,1.57,0.87,1.87,1.27,-0.33,0.07,0.37,-0.13,-0.63,-0.73,-0.73,-3.13,-4.03,-2.73,-5.53,-4.93,-8.63,-9.23,-5.83,-6.03,-5.83,-6.23,-6.03,-5.73,-5.13,-4.63,-4.73,-4.73,-4.43,-4.13,-3.33,-4.13,-2.53,-1.33,0.07,1.97,3.97,4.77,6.07,5.77,7.07,9.17,9.67,7.17,6.67,5.57,5.67,6.07,6.67,6.97,7.17,7.17,6.17,7.27,6.37,6.37,6.37,8.27,7.97,8.87,9.17,8.97,8.87,11.17,11.37,11.17,11.37,11.97,13.57,14.27
0.47,-0.23,-0.23,0.37,1.17,1.17,1.47,1.47,-1.13,-0.33,0.47,0.27,0.97,0.17,0.87,1.17,1.57,0.77,1.37,0.27,-1.03,-0.83,-3.43,-2.53,-5.23,-8.13,-7.13,-5.13,-6.13,-5.23,-5.73,-6.13,-7.33,-4.73,-4.23,-3.93,-4.23,-3.33,-2.53,-1.43,-0.53,0.27,1.07,1.97,2.27,3.97,5.37,5.57,6.57,6.17,6.27,7.37,6.37,5.87,5.57,6.87,5.27,5.47,5.97,5.97,5.97,5.87,6.17,6.37,9.17,12.17,11.97,6.47,10.87,7.77,7.97,8.17,8.07,10.07,10.17,10.07,10.67,11.47,12.07
1.37,0.97,-0.23,0.77,1.57,0.97,0.67,-1.23,0.87,-0.73,-0.03,1.37,0.87,2.37,2.97,3.57,3.87,3.17,3.67,2.37,0.87,-0.63,1.37,3.17,4.17,2.87,1.97,0.17,-2.83,-3.33,-3.93,-4.73,-4.93,-4.53,-5.23,-4.53,-4.43,-4.03,-2.83,-1.23,-0.33,0.57,1.87,2.97,3.07,3.57,3.87,4.77,5.27,5.77,5.77,5.77,5.57,5.67,5.37,5.17,4.77,8.97,10.47,12.37,11.67,11.67,11.77,11.47,12.17,12.07,10.27,6.47,7.67,6.37,6.97,7.87,8.77,8.97,8.87,8.97,9.27,9.77,10.27
3.07,1.67,1.07,0.57,-0.03,0.47,1.57,1.87,0.57,2.67,-1.93,1.37,3.67,4.27,5.07,5.37,5.57,5.87,6.07,6.27,6.57,4.97,6.27,6.87,7.77,4.17,4.97,5.17,4.17,-0.53,-1.93,-2.43,-3.23,-3.83,-2.23,-5.23,-4.03,-2.63,-2.83,-2.13,-1.43,-0.23,0.47,1.57,2.47,2.87,3.57,4.77,4.87,4.87,4.77,4.07,5.67,7.67,5.07,9.77,9.07,7.07,4.97,1.67,6.87,8.87,11.47,9.87,8.87,5.57,7.97,4.47,3.57,3.57,3.17,4.17,6.07,6.47,7.27,7.47,7.17,7.37,7.97
-0.73,1.67,0.27,-1.33,0.37,-0.13,0.27,0.77,1.17,1.67,2.07,0.97,4.37,5.37,5.17,6.57,7.77,8.37,8.67,9.47,10.67,11.47,11.57,11.17,9.77,8.87,5.27,4.97,5.97,1.57,0.57,-0.73,-2.63,-2.63,-4.83,-6.73,-6.93,-7.73,-2.33,-1.63,-0.83,-0.13,0.67,0.47,1.87,2.57,3.67,4.27,4.77,4.27,4.17,4.67,6.07,2.47,4.67,4.77,4.67,5.47,5.67,9.07,6.97,7.87,7.67,6.67,5.57,5.37,4.77,3.47,2.47,1.17,0.57,0.57,2.47,3.27,2.97,3.77,4.77,5.37,5.27
-1.33,1.97,-1.03,-1.73,-2.93,-2.23,0.07,0.97,2.37,1.37,2.07,-0.33,2.17,3.27,8.87,9.27,8.17,10.07,10.37,12.57,12.27,11.07,11.97,10.27,9.57,6.97,3.37,5.47,4.27,2.57,3.77,-1.23,-3.43,-4.63,-2.53,-3.33,-4.33,-5.03,-7.83,-2.73,-0.93,-0.93,-0.03,1.97,1.37,1.97,2.57,2.67,3.57,4.17,3.87,3.47,3.67,5.27,4.97,4.37,4.27,3.97,3.47,4.57,7.27,7.57,6.97,6.57,3.87,-2.23,-2.53,-0.33,-2.03,-0.33,-1.03,-1.03,-1.13,-0.93,0.77,0.77,1.67,2.07,2.47
-0.73,1.47,1.57,-1.03,1.67,2.47,-0.73,0.37,0.67,1.47,2.27,-0.33,3.57,0.97,3.47,2.67,8.87,11.17,10.97,12.77,12.97,12.57,11.97,11.07,9.77,6.87,6.37,6.87,5.77,5.87,6.67,4.07,1.97,0.57,0.07,-0.93,-1.33,-2.33,-3.93,-3.33,-3.13,-1.23,-2.13,1.07,0.97,1.07,0.27,1.17,1.57,2.77,4.27,4.47,3.87,3.77,2.97,3.57,2.87,2.87,2.97,-0.33,6.87,1.17,3.57,-0.83,4.07,2.27,-3.23,-6.13,-6.03,-6.63,-6.93,-4.93,-5.03,-4.03,-2.23,-1.43,-1.33,-1.03,-0.53
-0.13,1.67,1.37,1.87,2.27,-2.23,0.07,1.87,1.27,-0.13,0.77,2.47,1.67,2.37,-1.03,1.67,5.67,6.87,10.37,12.17,13.17,13.07,12.77,10.17,8.27,6.07,7.37,4.87,5.67,8.07,5.57,3.87,2.87,1.87,0.57,-0.03,1.27,-0.03,-1.93,-1.53,-3.83,1.17,-3.93,-1.63,-0.53,0.57,1.07,0.87,1.87,3.07,2.37,1.97,2.77,1.67,1.67,2.27,2.07,3.37,2.37,2.47,2.77,1.07,4.37,0.37,1.47,-2.73,-6.03,-7.13,-8.13,-9.33,-10.23,-7.13,-5.63,-5.13,-5.23,-4.93,-3.93,-4.03,-3.43
0.47,2.07,2.17,1.47,3.07,1.17,0.57,2.07,2.07,0.37,-0.03,-1.03,2.67,5.67,-4.43,1.27,5.27,2.37,7.17,8.27,3.67,8.27,7.67,6.67,6.97,5.07,5.37,5.07,5.97,8.37,8.07,5.17,3.27,1.77,2.07,-0.93,-2.23,-1.23,-0.63,0.47,0.57,1.37,-1.33,-1.83,-3.23,-2.83,-1.43,3.87,1.67,1.47,1.57,0.87,-0.53,1.07,-2.03,1.77,-0.13,2.07,1.77,0.47,2.57,-2.13,0.47,0.77,1.87,-1.53,3.47,-5.23,-7.03,-5.83,-3.63,-4.53,-5.33,-4.13,-6.33,-4.73,-4.63,-4.83,-5.43
0.37,2.27,2.77,2.97,3.47,3.67,4.57,2.67,7.37,8.67,7.97,5.57,3.67,5.37,-2.93,-1.33,-0.73,0.97,2.27,4.17,7.77,4.17,4.77,4.47,4.47,4.17,4.97,5.47,8.47,8.67,6.17,4.87,3.27,1.97,2.77,0.97,-2.83,-2.13,-1.13,-1.93,-1.73,-1.73,-2.43,-1.73,0.07,-1.83,-2.03,-0.83,-0.13,-0.73,1.57,0.17,-1.63,-2.23,-1.33,-0.33,-0.93,2.57,2.47,-1.53,-1.83,-1.83,-0.73,1.27,2.47,6.07,9.27,1.07,0.87,-1.93,-3.73,-7.13,-7.73,-7.83,-9.33,-9.83,-10.33,-9.93,-9.53
1.27,0.57,2.17,1.37,2.47,1.97,0.77,3.07,5.87,5.97,2.67,3.37,5.97,10.07,11.27,9.37,11.67,13.27,-1.83,-0.03,0.97,0.67,1.07,1.57,1.37,1.77,2.67,7.37,8.17,5.77,5.07,4.67,3.17,2.57,1.17,0.87,-0.93,-1.23,-1.73,-1.93,-3.13,-3.93,-4.63,-0.73,-0.73,-0.33,-0.63,-0.03,0.57,-1.23,-1.73,-1.13,-2.83,-3.03,-2.83,-2.63,-2.53,-1.33,-3.03,-2.73,-2.23,-2.13,-0.03,-0.03,2.07,5.87,5.77,-2.83,-6.13,-10.13,-8.73,-10.23,-10.73,-11.53,-6.13,-5.83,-6.63,-7.13,-8.23
0.87,0.97,2.27,1.57,0.87,1.27,1.07,1.97,2.07,-0.23,1.87,2.37,7.27,8.57,9.37,8.77,6.97,9.37,9.67,-2.23,-2.33,-2.03,-2.23,-1.53,-1.53,2.67,7.27,7.67,5.57,5.67,4.47,3.37,2.87,1.77,1.47,0.27,-0.43,-1.33,-1.73,-1.53,-0.23,-1.93,-2.13,-2.33,-2.33,-1.73,-0.63,-0.13,-0.33,-1.23,-1.93,-4.43,-5.53,-5.33,-4.73,-4.73,-5.23,-4.83,-3.93,-3.43,-3.43,-2.63,-2.43,-0.13,2.77,1.67,-2.83,0.77,-5.03,-7.63,-5.53,-3.53,2.17,5.77,2.57,1.27,1.17,1.17,-1.03
1.77,0.87,0.47,0.17,2.17,1.57,2.87,0.87,2.37,0.67,0.97,-1.13,4.77,5.67,6.07,5.47,6.67,7.27,2.97,-6.63,-4.43,-3.73,-2.53,-2.13,3.17,6.07,6.97,6.97,4.97,4.17,4.27,3.57,1.67,1.57,0.77,0.07,-0.73,-1.73,-2.03,-2.13,-1.43,-1.73,-1.23,-1.93,-3.43,-1.43,-2.23,-2.23,-2.23,-4.33,-5.33,-6.33,-7.33,-7.33,-6.83,-7.23,-6.43,-6.03,-5.63,-5.23,-5.13,-3.83,-1.63,-1.83,0.87,-0.43,-2.93,-1.73,-1.33,4.17,6.27,8.07,6.27,5.77,4.17,3.67,3.27,3.77,4.97
1.57,-1.03,1.87,1.47,0.77,1.27,1.07,0.17,1.27,-0.83,-0.83,-1.53,0.87,2.37,4.37,4.77,6.67,4.77,5.27,3.07,1.97,-3.33,-1.93,3.57,5.27,4.77,5.47,5.27,4.17,3.77,3.27,2.67,1.27,0.17,-0.33,-1.53,-1.23,-2.03,-1.73,-1.53,-1.33,-1.23,-0.43,-0.13,-2.03,-2.43,-2.73,-3.13,-6.13,-5.33,-5.73,-6.83,-7.43,-8.13,-8.43,-7.83,-7.83,-7.63,-6.93,-6.03,-4.63,-3.03,-2.63,-1.73,-0.73,6.97,5.37,3.37,4.97,4.57,4.47,4.07,4.07,3.77,3.37,3.77,3.77,4.07,4.07
3.07,1.97,2.07,2.57,-0.43,-0.43,0.07,0.27,1.17,3.27,4.17,5.07,0.67,4.37,2.87,3.97,5.77,5.67,0.77,4.67,3.67,1.87,2.27,4.37,2.87,3.37,3.67,3.57,3.97,3.77,2.47,0.77,0.57,-0.93,-0.63,-2.13,-2.03,-1.63,-1.13,0.47,-0.63,-0.83,-1.63,-1.33,-3.03,-2.23,-2.83,-2.83,-5.53,-5.73,-6.53,-7.43,-8.23,-8.33,-8.83,-8.23,-8.13,-7.73,-6.53,-5.93,-5.13,-4.33,-4.03,-2.93,1.27,2.57,2.87,3.47,2.77,2.47,2.07,2.07,1.97,2.07,2.17,2.67,2.77,2.47,2.97
1.17,1.27,0.97,3.17,2.67,-1.43,-0.23,1.27,-1.23,1.17,2.77,7.17,2.97,0.97,-0.43,1.47,2.57,-0.33,3.27,2.37,3.07,2.57,3.67,3.37,1.67,2.07,2.47,2.77,3.37,2.47,0.17,-0.23,-0.43,-0.13,-0.63,-2.03,-0.83,1.67,1.37,0.77,0.77,-0.73,-1.43,-2.83,-2.73,-2.83,-3.93,-6.63,-6.23,-6.73,-7.73,-8.33,-9.23,-9.23,-8.83,-8.83,-8.33,-7.63,-7.33,-7.23,-6.13,-7.33,-7.23,-4.83,-4.33,5.07,1.47,0.77,1.27,1.27,0.47,-0.03,1.27,0.37,0.47,0.77,0.57,0.67,1.27
1.17,7.27,0.37,-0.43,1.97,-2.33,-2.03,1.57,-0.13,2.17,3.57,3.37,1.57,3.77,5.37,4.97,3.67,0.87,5.47,3.97,3.57,5.57,3.87,2.27,3.37,1.87,1.87,1.47,0.07,0.17,0.57,-0.93,-0.33,-1.03,-1.43,-0.53,0.27,0.37,-0.33,-0.13,-3.83,-1.83,-3.23,-3.83,-3.23,-4.53,-4.43,-6.83,-7.13,-7.43,-8.23,-9.03,-9.23,-9.33,-8.43,-8.33,-8.53,-8.93,-8.43,-9.43,-9.03,-10.53,-5.93,-1.03,4.47,-0.33,-0.63,-0.33,-0.23,-0.23,0.07,-0.43,-0.93,-1.63,-0.83,0.07,-0.23,-0.83,-1.33
1.97,4.97,5.17,-1.33,0.47,4.07,4.47,2.37,-1.23,1.57,2.57,1.97,-1.73,0.77,3.77,5.37,0.67,5.87,6.17,3.27,5.27,4.77,2.17,2.17,2.17,1.87,0.77,0.97,0.97,0.27,-0.23,-1.03,-1.03,-0.73,-0.73,-1.63,-2.03,-2.33,-0.63,-2.93,-3.73,-3.73,-3.73,-4.13,-5.23,-4.83,-4.43,-7.83,-7.43,-8.43,-8.93,-8.63,-9.13,-8.73,-9.23,-9.43,-10.33,-10.23,-11.23,-7.63,-2.43,2.27,-2.93,-0.23,-2.23,-2.93,-2.03,-1.33,-0.93,-1.13,-1.23,-1.83,-3.83,-2.23,-2.13,-1.73,-2.83,-3.23,-3.43
2.37,3.97,6.07,7.07,0.87,1.77,2.17,-1.33,0.47,0.77,-0.43,1.27,3.37,2.87,-1.23,0.87,-2.13,4.87,2.87,3.97,3.17,2.77,2.87,2.07,-0.23,0.97,0.17,0.07,-0.13,-1.03,-1.13,-1.03,-1.03,-1.03,-2.13,-2.43,-3.13,-4.03,-4.93,-5.43,-4.73,-4.63,-5.43,-5.73,-4.53,-7.33,-8.83,-8.63,-9.43,-8.53,-8.23,-8.73,-9.43,-9.43,-10.03,-10.13,-11.23,-8.33,-8.53,2.37,2.77,1.47,0.37,-3.43,-2.73,-3.13,-2.93,-2.13,-1.73,-2.33,-2.43,-3.73,-3.43,-3.73,-3.83,-3.83,-5.83,-5.53,-4.63
2.27,3.27,6.47,5.97,3.07,-0.63,2.17,-1.23,0.57,-1.03,0.37,0.17,-0.93,-1.13,1.27,1.27,0.17,2.47,-3.03,0.37,1.37,1.17,1.57,0.17,-1.13,-0.63,-1.43,-1.13,-1.03,-1.93,-2.53,-2.13,-3.53,-3.93,-3.83,-3.53,-4.13,-5.33,-5.43,-5.53,-6.33,-7.33,-4.93,-5.03,-11.13,-9.63,-9.53,-10.23,-8.73,-8.93,-8.93,-9.13,-9.43,-10.53,-10.53,-9.13,-9.23,-8.63,5.67,1.17,0.57,4.47,-1.63,-3.53,-2.53,-2.73,-2.83,-3.03,-2.43,-3.83,-3.23,-4.53,-4.03,-4.63,-5.43,-5.33,-7.03,-6.93,-6.13
2.37,3.77,5.37,4.87,5.67,3.47,2.47,2.07,-0.33,-0.33,1.27,-1.13,-1.13,-1.43,-0.73,-0.23,-0.13,2.67,1.77,-1.43,-1.43,-0.43,-0.13,-0.53,-0.63,-1.83,-1.53,-1.63,-2.33,-2.23,-2.33,-3.53,-4.33,-4.03,-4.13,-4.33,-4.93,-5.93,-7.03,-7.83,-7.13,-5.93,-8.03,-10.93,-10.93,-11.13,-11.53,-10.33,-9.23,-10.53,-9.73,-10.23,-9.43,-10.53,-10.33,-8.13,-5.03,5.57,4.67,3.27,2.07,1.47,-1.83,-2.93,-2.93,-2.63,-3.13,-3.63,-3.23,-4.43,-5.03,-5.63,-5.23,-4.83,-7.13,-7.23,-7.53,-7.03,-6.73
1.87,2.97,3.37,5.47,5.17,4.97,4.57,3.17,-1.73,-0.33,0.77,0.07,0.77,-0.63,1.07,-0.13,-1.03,0.57,0.87,-1.83,0.37,-2.33,-0.73,-1.23,-2.03,-2.83,-1.33,-2.33,-1.33,-2.43,-2.43,-4.53,-3.03,-3.83,-3.93,-3.83,-5.43,-6.93,-8.13,-7.63,-6.33,-4.63,-9.73,-12.83,-12.83,-12.83,-11.33,-10.13,-10.73,-10.23,-8.93,-9.63,-9.93,-10.73,-10.13,-5.53,4.57,7.57,4.87,2.27,1.87,-0.53,-1.73,-2.63,-3.53,-3.53,-3.83,-4.03,-4.13,-4.93,-5.03,-6.23,-6.33,-6.13,-6.83,-7.33,-7.83,-7.83,-8.03
1.47,3.07,3.57,3.77,4.87,3.97,3.87,3.87,1.77,-0.13,1.77,0.77,-0.33,-0.93,3.77,-1.73,-1.43,-0.83,-0.93,-0.53,-0.83,-5.53,-1.23,-1.23,-2.23,-2.33,-2.03,-3.43,-2.73,-3.33,-3.53,-4.53,-4.63,-7.03,-9.23,-9.83,-8.03,-7.53,-3.83,-6.83,-8.33,-5.83,-11.13,-14.23,-13.23,-12.43,-12.23,-11.23,-9.73,-9.63,-9.23,-9.43,-9.43,-7.13,0.07,5.37,5.57,3.97,2.77,3.87,0.97,-0.93,-1.63,-2.83,-3.83,-4.33,-4.73,-4.63,-4.23,-5.43,-5.43,-6.83,-6.43,-6.73,-8.23,-8.13,-8.43,-8.53,-8.23
0.07,1.77,3.87,3.37,4.97,3.37,2.87,4.77,7.07,2.27,1.57,0.87,0.47,1.07,2.07,0.57,-0.73,-2.23,-0.33,-1.93,0.77,-1.43,-3.03,-1.93,-1.93,-1.43,-2.73,-3.33,-5.93,-8.03,-8.23,-9.43,-9.73,-8.73,-9.63,-10.43,-11.73,-12.83,-10.83,-9.53,-9.23,-7.23,-6.23,-13.93,-13.83,-13.03,-12.53,-10.03,-10.13,-10.53,-9.63,-9.23,-7.33,5.37,4.67,4.47,3.27,2.97,5.47,1.47,0.17,-1.63,-2.33,-3.33,-3.73,-4.63,-5.83,-4.63,-4.83,-5.93,-6.43,-7.43,-7.33,-8.03,-7.93,-8.53,-8.53,-9.13,-9.03
-0.63,0.57,1.97,3.77,3.17,3.67,2.77,2.77,-0.53,4.87,2.77,3.07,-0.13,-0.03,1.27,2.27,-1.43,-2.43,-0.73,-1.73,-0.43,-3.43,-3.73,-2.63,-1.73,-2.33,-5.13,-6.03,-6.63,-5.03,-7.43,-8.63,-9.53,-9.53,-8.93,-9.63,-10.23,-11.43,-10.23,-6.13,-6.43,-7.53,-6.93,-11.63,-11.33,-11.33,-12.43,-11.83,-11.43,-9.33,-6.93,-2.33,7.27,3.77,4.47,4.17,3.77,2.57,0.67,0.57,-0.53,-2.73,-3.43,-4.03,-4.53,-5.33,-6.03,-5.93,-5.83,-6.33,-6.53,-8.43,-8.13,-8.23,-7.73,-8.83,-8.93,-9.53,-8.93
-1.83,-0.43,0.17,2.47,3.77,2.97,3.27,2.37,5.37,4.17,2.97,-4.73,0.67,1.07,0.07,1.07,-0.63,-2.03,-3.33,-2.43,-2.13,-3.03,-2.83,-5.13,-4.33,-2.43,-3.93,-5.13,-5.63,-3.23,-5.13,-6.23,-7.83,-8.93,-8.63,-9.33,-9.83,-10.03,-10.13,-7.03,-4.53,-6.53,-7.23,-8.63,-10.13,-11.13,-11.83,-9.63,-8.43,-4.63,0.47,3.37,3.67,4.17,2.87,2.87,1.47,1.17,-0.13,-0.63,-1.73,-2.93,-3.93,-4.53,-5.13,-6.53,-7.03,-6.93,-6.83,-7.53,-6.93,-8.23,-8.73,-8.83,-7.63,-7.93,-8.83,-8.63,-8.73
-2.63,-1.53,-0.83,0.37,1.37,2.67,2.67,2.77,4.17,3.57,3.47,2.57,-1.33,-0.83,-0.63,1.27,3.27,-2.63,-0.53,-2.73,-1.13,-1.53,-2.03,-2.23,-4.63,-1.73,-3.83,-4.63,-4.93,-4.13,-3.43,-4.83,-6.13,-7.23,-7.23,-7.63,-8.03,-8.13,-8.43,-8.43,-3.33,-4.33,-5.63,-7.13,-8.23,-6.93,-8.83,-7.73,-4.23,-2.03,-0.73,3.77,3.57,3.67,1.77,1.17,0.57,-0.23,-0.73,-1.63,-2.43,-3.13,-4.03,-4.73,-6.53,-7.23,-7.43,-7.03,-7.73,-7.63,-8.33,-8.73,-8.53,-9.13,-8.93,-8.43,-8.43,-9.93,-9.63
-3.83,-3.03,-1.83,-0.33,-0.03,0.67,1.27,2.47,3.27,3.97,4.47,4.67,3.57,1.47,-2.03,2.27,1.47,2.67,-0.63,0.77,0.37,2.27,-1.23,-2.93,-1.43,-3.43,-4.63,-4.53,-4.03,-3.83,-2.83,-3.23,-3.73,-4.83,-6.03,-6.53,-6.43,-6.93,-7.03,-6.83,-6.03,-3.03,-5.03,-4.23,-2.23,-2.53,-0.63,0.67,1.67,2.27,3.37,2.97,2.57,1.37,0.17,-0.63,-0.83,-1.03,-1.03,-3.03,-2.63,-3.93,-4.03,-5.03,-6.73,-7.53,-7.63,-7.93,-8.03,-8.63,-9.13,-9.33,-9.03,-9.63,-9.93,-9.93,-9.33,-9.23,-9.43
-4.33,-3.33,-2.83,-1.63,-1.33,-0.33,0.47,1.37,2.57,3.17,3.97,3.87,5.77,-0.43,-0.83,-2.43,1.17,2.07,3.07,1.37,2.17,4.07,-0.33,0.37,-1.33,-3.23,-4.13,-4.23,-3.23,-2.93,-2.23,-1.63,-2.43,-3.33,-4.33,-5.33,-6.13,-5.43,-4.83,-3.43,-2.23,-2.53,-1.53,-0.93,-0.23,2.57,0.47,2.37,2.37,2.07,2.67,2.27,1.37,-0.63,-0.93,-2.13,-1.93,-2.43,-3.03,-3.73,-4.03,-4.23,-5.23,-5.93,-7.33,-7.53,-7.53,-7.43,-8.33,-8.33,-9.13,-9.33,-9.43,-9.63,-8.63,-8.33,-10.23,-10.43,-9.73
-4.73,-4.33,-3.43,-3.83,-2.23,-2.03,-0.73,0.17,1.67,3.07,3.87,3.37,3.17,3.77,-1.93,-1.43,-1.33,2.57,2.77,0.97,3.67,1.87,-0.03,-1.03,-2.53,-2.63,0.87,-3.43,-3.83,-3.63,-2.23,-1.33,-0.13,-1.83,-3.03,-2.83,-2.63,-1.53,0.67,3.27,1.57,2.07,-0.13,-2.43,-0.03,1.07,3.97,3.67,4.27,3.47,2.07,1.67,0.57,-1.83,-2.63,-2.83,-3.23,-3.73,-3.93,-4.03,-4.83,-5.03,-5.53,-6.03,-6.93,-7.83,-7.13,-7.53,-8.23,-8.23,-9.33,-9.93,-10.03,-10.23,-8.73,-8.83,-8.13,-8.33,-10.93
-5.23,-4.93,-5.43,-4.33,-3.43,-2.53,-2.03,-0.73,0.77,2.07,2.37,2.17,2.87,5.17,5.17,1.67,0.07,0.77,2.67,2.77,2.97,3.07,3.37,-1.43,-2.33,-1.23,1.07,0.17,-3.53,-3.13,-3.33,-1.13,-0.13,0.67,1.37,2.17,3.27,2.77,2.77,2.07,4.07,1.97,1.77,0.97,1.67,2.07,0.67,2.67,3.67,3.47,2.67,0.07,-1.23,-1.03,-3.03,-3.73,-4.23,-4.23,-4.73,-4.73,-5.13,-4.83,-5.93,-6.03,-5.93,-7.63,-8.43,-8.03,-8.23,-8.03,-9.23,-9.73,-10.53,-10.33,-9.73,-10.13,-10.23,-9.83,-8.93
-5.63,-5.63,-5.43,-4.53,-3.93,-3.63,-2.83,-1.53,-0.43,0.97,1.17,0.57,2.17,2.87,2.17,2.17,1.07,1.17,3.07,1.47,4.37,5.57,5.47,-1.33,-2.03,-3.13,-0.03,-0.33,-3.13,-4.03,-2.63,-2.33,-0.03,1.37,0.97,1.77,-1.43,-0.33,-0.33,0.67,1.77,0.97,0.27,1.37,0.47,2.27,0.57,-2.13,-0.73,1.27,-1.23,-0.43,-1.53,-2.83,-3.13,-4.23,-4.83,-5.73,-5.53,-5.13,-4.93,-5.63,-6.53,-6.93,-6.73,-5.73,-7.43,-8.93,-8.23,-7.63,-8.03,-9.13,-10.13,-10.63,-10.73,-9.83,-9.73,-9.63,-10.23
