gfs.json
{"header": {"discipline": 0, "disciplineName": "Meteorological products", "gribEdition": 2, "center": "kwbc", "centerName": "US National Weather Service - NCEP(WMC)", "subcenter": 0, "refTime": "2026-04-13T18:00:00.000Z", "significanceOfRT": 1, "significanceOfRTName": "Start of forecast", "productStatus": 0, "productStatusName": "Operational products", "productType": 1, "productTypeName": "Forecast products", "productDefinitionTemplate": 0, "productDefinitionTemplateName": "Analysis/forecast at horizontal level/layer at a point in time", "parameterCategory": 2, "parameterCategoryName": "Momentum", "parameterNumber": 3, "parameterNumberName": "V-component_of_wind", "parameterUnit": "m.s-1", "genProcessType": 2, "genProcessTypeName": "Forecast", "forecastTime": 0, "surface1Type": "sfc", "surface1TypeName": "Unknown", "surface1Value": 10, "surface2Type": 255, "surface2TypeName": "Missing", "surface2Value": 0, "gridDefinitionTemplate": 0, "gridDefinitionTemplateName": "Latitude_Longitude", "numberPoints": 65160, "shape": 6, "shapeName": "Earth spherical with radius of 6,371,229.0 m", "gridUnits": "degrees", "resolution": 48, "winds": "true", "scanMode": 0, "nx": 360, "ny": 181, "basicAngle": 0, "subDivisions": 0, "lo1": 0.0, "la1": 90.0, "lo2": 359.0, "la2": -90.0, "dx": 1.0, "dy": 1.0}, "data":
[rows 108 to 143 of 181, columns 0 to 81 of 360]
3.02,2.82,3.02,3.62,4.72,5.92,6.52,6.52,6.72,6.92,7.22,7.62,5.22,2.92,-2.28,0.72,-4.58,-1.98,-1.38,0.12,-0.58,-0.98,-0.18,-0.28,-1.38,0.62,0.72,-0.38,-0.88,1.22,-1.08,-2.08,-0.88,1.62,0.82,1.62,0.72,0.92,1.72,2.22,2.52,3.32,4.72,6.32,4.72,0.42,0.82,-0.08,-0.38,-0.88,-1.48,-0.18,1.32,1.72,0.62,1.82,0.52,1.22,1.12,0.42,0.62,1.22,1.92,2.42,2.82,2.92,3.02,2.12,1.12,0.52,1.22,1.72,2.12,2.12,2.02,0.92,1.22,1.52,1.52,1.42,2.52,2.92
2.82,3.22,3.42,3.72,4.82,5.62,6.42,6.92,7.02,7.52,8.12,7.22,4.22,1.02,1.42,-2.18,-0.78,3.92,3.22,2.02,0.42,-1.68,-1.48,-1.68,-1.28,-1.38,-2.48,-2.28,-1.38,-1.78,3.22,0.32,-1.18,0.52,0.92,0.62,1.82,2.32,2.82,2.82,2.52,2.52,3.62,4.42,5.12,1.12,-1.48,0.42,0.02,-0.88,-2.98,-0.98,0.52,0.82,0.72,-0.08,0.82,0.12,0.42,0.22,-0.38,1.22,1.62,2.02,2.32,2.62,2.52,1.32,1.12,0.72,1.22,1.42,1.62,2.52,2.42,2.52,1.22,0.32,0.42,1.62,1.42,1.42
2.92,3.92,3.12,4.12,5.22,5.62,6.52,6.92,7.52,7.82,8.32,7.72,7.02,5.72,-3.18,2.72,1.42,-4.48,-1.48,-2.38,2.22,2.32,-1.28,-2.18,-1.18,-2.28,-2.68,-2.28,0.52,0.42,0.82,1.62,1.92,-0.68,0.72,0.32,1.42,2.42,2.82,2.62,2.92,2.42,2.52,3.62,4.92,0.82,0.82,-0.28,-0.18,-5.38,-3.08,-1.48,-0.38,-0.28,0.02,-0.68,-0.08,-0.78,-0.58,-0.28,-0.68,-0.38,0.32,2.22,2.42,2.02,1.92,1.12,0.82,1.12,0.32,1.32,0.62,0.82,1.02,1.42,0.62,0.82,0.52,1.42,1.42,1.92
3.22,3.12,3.72,4.22,5.62,5.72,6.62,6.82,7.12,7.92,7.92,7.62,8.22,5.42,4.82,1.72,1.02,-1.18,-2.08,-0.88,-3.78,0.72,-2.08,-1.48,-2.58,-0.18,2.72,0.62,1.22,0.22,0.12,0.62,-0.48,-1.18,-0.28,0.32,1.92,2.52,2.92,3.22,2.72,2.22,3.22,5.12,2.62,1.62,-0.08,-0.08,-0.68,-5.18,-3.78,-2.58,-0.88,0.32,0.02,-0.68,-0.48,-0.88,-1.68,-1.48,-0.78,-1.88,-0.28,0.82,1.72,0.92,0.62,1.22,0.12,0.12,-0.18,0.12,0.72,0.42,1.62,0.72,0.52,1.42,1.52,1.32,0.82,1.62
4.62,4.52,4.02,4.72,4.82,5.92,6.42,6.72,6.72,7.12,8.02,7.72,7.72,7.82,4.02,4.72,-4.48,-2.48,-2.08,-3.58,-2.48,-2.18,-2.18,2.02,-0.08,-3.38,-2.78,0.02,1.22,-0.38,0.82,-0.38,0.02,-1.08,-0.98,-0.38,1.72,2.72,3.22,1.72,2.82,2.82,3.62,6.12,1.52,1.82,0.82,0.22,-2.28,-6.08,-4.28,-2.78,-1.28,0.52,-0.18,-0.28,-0.68,-2.28,-2.28,-2.38,-1.78,-0.78,-1.38,0.02,0.42,-0.08,0.32,-1.28,-0.28,-0.78,-1.48,-0.98,-0.38,-0.08,0.22,-0.18,-0.28,0.22,0.12,-0.08,1.22,0.22
5.42,4.12,4.52,4.82,5.52,5.82,6.72,7.02,6.62,6.62,6.62,7.62,7.92,7.82,7.52,4.62,3.82,-2.58,-2.18,-1.58,-2.18,4.82,-1.08,-2.58,-2.88,-0.18,-1.58,-2.98,-3.08,-1.18,-0.08,-0.78,-0.28,1.32,-0.58,-0.58,0.52,2.02,2.82,4.52,3.22,3.82,5.02,6.22,-0.08,1.22,-0.58,0.92,-6.88,-6.08,-4.58,-3.38,-1.68,0.22,-0.88,0.72,-2.38,-2.38,-2.68,-2.58,-1.78,-1.88,-0.78,-0.48,-0.58,-0.78,-1.68,-1.08,-1.18,-1.48,-0.78,-0.28,-0.18,-0.18,-1.18,-0.48,-0.58,-0.88,0.22,1.12,0.22,-0.38
4.12,5.12,4.92,4.32,5.12,5.32,5.62,6.22,6.52,6.72,6.62,6.92,7.52,7.52,6.62,4.62,2.52,2.72,2.82,0.82,-0.98,-2.18,-1.18,1.52,2.62,3.22,-0.78,-1.48,-1.88,-0.98,-0.98,-1.38,-0.88,-0.38,0.42,-0.68,-0.68,1.12,2.22,3.42,3.92,4.62,6.12,7.62,2.52,5.02,1.12,0.52,-5.18,-4.68,-4.38,-3.08,-1.18,0.92,1.72,-0.18,-2.38,-3.48,-3.28,-3.28,-2.48,-2.08,-1.98,-0.98,-1.28,-0.88,0.02,-2.18,-1.18,-1.88,-0.38,-0.08,-0.98,0.12,-0.88,-1.48,-1.28,-1.18,-1.88,-0.78,-0.28,0.42
4.42,2.52,3.32,3.82,4.12,4.42,5.02,5.52,5.62,6.12,6.42,5.42,6.72,5.72,5.42,1.12,0.32,2.02,0.92,2.32,2.42,3.22,-2.68,-2.28,5.62,-1.58,3.02,1.92,-1.18,0.92,1.32,0.22,-0.48,0.22,-1.28,-2.58,-1.28,0.12,1.42,3.52,4.52,4.92,5.22,6.22,5.22,2.02,2.12,-0.78,-4.28,-4.88,-4.48,-3.98,-1.98,0.12,1.82,1.52,-1.08,-3.08,-3.48,-2.98,-1.88,-2.58,-1.48,-1.58,-2.08,-2.38,-2.58,-1.78,-2.48,-2.08,-1.68,-0.78,-1.08,-1.48,-0.68,-1.48,-2.28,-2.28,-0.48,-1.48,-2.18,-0.48
4.72,6.02,0.72,2.62,3.32,4.32,4.62,4.62,4.92,6.12,5.72,6.02,6.22,5.82,4.52,-1.18,-0.38,-0.58,1.12,2.22,2.82,3.72,3.72,-2.38,-3.78,-2.28,-1.78,0.32,0.32,2.52,0.92,0.42,0.92,0.72,-0.48,-1.18,-2.48,-1.18,1.22,2.82,3.12,3.62,4.12,5.12,5.82,5.82,6.32,1.22,-2.78,-2.78,-2.88,-4.78,-2.98,-1.28,0.22,0.92,-1.38,-2.68,-3.58,-3.58,-2.98,-2.48,-2.78,-3.28,-2.78,-3.88,-2.98,-3.48,-3.08,-2.58,-1.48,-0.98,-1.38,-0.58,-1.68,-0.78,-1.78,-1.88,-2.48,-2.58,-2.08,-2.18
4.52,4.12,2.32,0.82,2.82,3.52,3.12,4.02,4.22,5.22,6.12,6.52,6.42,6.22,5.42,-3.28,-1.28,4.92,-1.38,0.52,0.82,2.12,2.12,1.42,4.32,-5.68,-3.48,-0.18,-1.18,-1.98,0.22,-0.68,-0.08,4.42,0.42,0.62,-1.78,-1.38,1.12,2.72,2.92,1.82,2.42,3.32,4.52,5.32,5.52,5.12,3.22,0.72,-0.28,-0.28,-1.78,-2.18,-0.78,-0.78,-1.98,-2.58,-3.28,-3.58,-3.28,-2.68,-1.08,-0.98,-2.78,-4.38,-4.28,-4.38,-5.08,-4.28,-1.58,-0.98,-1.18,-0.68,0.02,-0.38,-1.88,-1.88,-1.78,-3.68,-3.08,-2.48
3.72,3.52,3.22,2.72,3.12,3.32,2.32,2.62,3.52,4.32,5.32,6.62,6.52,6.72,6.52,2.62,-0.48,1.02,-1.28,-1.08,0.82,2.62,2.92,1.52,0.32,-3.78,-2.48,-1.58,-1.48,-1.38,-0.48,-0.48,0.52,5.32,-2.38,-3.38,-3.28,-1.68,1.12,2.52,2.92,0.72,0.82,1.42,2.62,3.62,4.12,4.42,4.32,3.72,3.02,2.12,-0.68,-1.28,-0.78,-2.38,-3.98,-3.68,-2.88,-2.58,-1.68,-1.28,-2.18,-1.18,-2.58,-4.08,-5.08,-5.18,-5.78,-4.18,-3.08,-2.18,-2.18,-1.68,-0.48,0.52,-0.08,-1.28,-0.88,-2.08,-2.48,-3.98
2.12,3.02,2.82,2.62,2.92,1.72,1.22,1.22,2.12,3.92,4.12,5.42,6.92,7.42,7.02,7.22,3.12,2.02,2.72,1.22,-0.68,0.12,1.12,-0.38,-5.48,-3.98,-5.68,-3.78,-0.98,-2.58,1.92,0.82,4.62,2.92,-2.58,-3.38,-2.08,-3.08,0.22,1.02,0.42,0.12,0.62,1.22,1.92,2.92,3.32,3.42,2.62,1.42,1.72,2.12,2.42,0.22,-0.58,-0.78,-3.48,-5.18,-4.28,-3.28,-2.18,-1.78,-0.58,-1.88,-1.58,-3.18,-5.28,-6.38,-7.08,-5.58,-3.98,-1.98,-3.28,-3.18,-0.98,-0.38,-1.78,-1.88,0.22,-0.88,-2.28,-1.68
1.72,1.52,1.32,2.12,2.02,1.92,1.62,-1.58,-0.38,1.82,3.82,4.32,6.02,7.12,7.62,7.02,6.72,6.22,-1.68,-4.28,-2.28,-2.48,0.02,1.02,0.62,-0.08,-0.88,-3.58,-2.88,-2.28,-0.08,3.82,5.92,5.02,-0.88,-1.98,-1.68,-1.88,-0.28,0.82,-1.58,0.52,1.02,1.92,2.22,2.22,2.22,2.42,3.12,2.22,1.42,1.62,1.22,1.02,0.82,-0.48,-2.08,-5.68,-5.48,-4.08,-2.08,-1.68,-1.08,-1.48,-2.28,-3.78,-5.58,-6.28,-6.28,-5.58,-4.18,-2.48,-2.28,-4.38,-0.98,-1.98,-2.38,-2.78,-0.58,-0.88,-0.78,-0.88
7.72,6.62,5.22,-0.48,1.02,0.92,0.62,2.32,-2.38,-0.58,1.22,3.12,4.12,5.62,6.62,7.12,7.32,5.82,2.02,-2.88,-3.78,-2.48,-3.38,-1.88,-2.08,-1.08,1.52,0.42,-0.48,0.82,0.42,2.52,4.02,4.42,3.82,2.32,-0.68,-3.78,-2.38,-0.28,0.22,0.82,0.82,0.82,0.62,0.62,1.32,1.52,0.72,0.82,1.02,1.02,-0.18,-0.38,0.02,0.02,-1.28,-4.88,-5.68,-4.68,-2.78,-0.58,-1.18,-2.38,-4.08,-4.08,-5.28,-6.28,-6.08,-5.78,-3.98,-2.58,-1.08,-5.98,-2.38,0.62,-0.68,0.12,-0.08,1.32,-2.28,-1.58
7.52,8.12,7.82,5.82,0.52,-0.88,-0.48,-0.38,-0.08,-1.58,-2.28,0.02,2.02,3.72,4.92,5.52,5.62,6.32,5.82,0.12,-1.88,-2.78,-2.68,-4.48,-2.28,-2.38,-2.78,1.32,-1.18,-1.68,-0.98,1.52,3.22,4.52,5.02,5.72,4.92,1.62,-2.38,-2.38,-1.88,-0.18,0.52,1.02,-0.28,1.02,1.62,1.92,0.92,-0.98,-1.38,-0.78,-0.98,-1.08,-1.28,-1.28,-1.48,-5.48,-6.68,-5.48,-3.38,-1.38,-2.38,-4.18,-3.78,-4.38,-5.28,-6.58,-6.78,-6.38,-4.28,-3.68,-1.88,-3.78,-3.58,-2.38,-1.68,-0.38,0.52,0.32,-0.88,-0.88
7.32,5.92,5.72,7.02,6.52,4.12,-2.78,-2.58,-1.68,-1.28,-2.68,-3.18,-1.48,0.02,2.72,3.52,4.92,5.82,3.92,0.42,-1.18,-0.28,0.42,1.72,-0.38,2.62,-0.28,0.62,-4.78,-3.58,-1.28,0.92,2.82,4.22,4.82,5.32,6.22,6.22,5.42,5.62,2.62,2.02,2.32,2.92,1.82,1.42,1.92,2.12,2.52,1.22,-1.78,-2.08,-2.88,-1.98,-2.68,-1.38,-0.98,-3.08,-5.68,-6.28,-4.58,-3.08,-4.88,-4.18,-3.38,-1.08,-3.58,-6.28,-7.58,-5.98,-5.78,-4.68,-2.88,-2.88,-2.78,-1.88,-3.38,-1.48,-0.88,-1.68,-1.68,-0.48
6.02,5.72,5.22,5.72,5.22,5.72,5.22,-2.38,-4.18,-3.08,-2.68,-3.38,-3.78,-1.98,-1.38,0.52,2.02,3.92,5.32,0.62,1.42,-0.88,-0.38,-1.18,-2.18,-2.38,-3.48,-6.58,-4.98,-2.78,-0.78,-0.08,2.22,3.22,4.22,4.62,4.92,4.92,4.62,4.52,4.22,2.62,1.82,2.92,4.92,4.32,3.62,4.22,3.42,1.92,0.82,-2.08,-2.58,-2.48,-2.48,-1.68,-0.88,-2.78,-5.18,-6.48,-4.58,-4.28,-3.98,-3.68,-2.98,-2.68,-4.58,-4.78,-6.48,-6.48,-5.48,-5.18,-4.08,-3.48,-3.28,-2.58,-2.18,-1.98,-0.48,0.42,0.42,0.72
4.92,3.72,3.02,3.62,4.52,3.62,5.12,3.92,-1.98,-5.38,-5.08,-4.28,-4.88,-3.08,-3.08,-3.28,-1.28,0.42,1.62,0.12,-1.98,-2.38,-2.88,-2.98,-4.28,-4.18,-5.28,-4.68,-4.78,-3.88,-3.08,-1.88,-0.38,1.52,3.82,5.42,6.22,6.02,4.52,4.52,4.62,3.32,3.32,4.72,6.42,5.82,4.92,3.92,3.42,2.42,-1.48,-3.48,-2.68,-2.68,-1.58,-0.68,-1.58,-1.98,-5.58,-6.68,-5.38,-4.58,-4.28,-4.08,-3.18,-3.98,-4.78,-4.88,-5.58,-5.98,-5.68,-4.98,-4.58,-3.88,-3.58,-3.38,-2.08,-1.48,-0.88,-0.28,0.52,0.92
5.22,5.62,3.32,2.32,2.12,2.02,2.62,4.42,3.82,-0.18,-6.38,-6.28,-5.88,-5.68,-5.08,-5.18,-3.98,-3.18,-2.38,-2.68,-3.58,-4.08,-5.18,-5.48,-5.38,-5.18,-5.68,-5.28,-4.58,-4.88,-3.88,-2.48,-0.68,1.62,3.32,3.92,5.52,5.62,4.72,3.72,4.72,2.22,4.62,6.72,7.92,8.32,7.32,4.32,3.72,3.22,-1.38,-2.68,-5.18,-2.18,-1.58,-0.08,-0.88,-1.68,-3.88,-6.68,-5.88,-5.38,-4.68,-4.08,-2.98,-3.88,-5.78,-7.08,-6.28,-5.78,-4.68,-4.48,-4.48,-4.28,-3.88,-3.18,-2.48,-1.38,-0.68,-0.48,0.02,-0.08
3.72,5.02,3.52,2.22,1.42,0.52,1.22,0.82,1.72,1.12,-2.68,-7.98,-7.88,-7.28,-7.68,-6.68,-5.88,-5.78,-5.58,-5.08,-5.88,-6.38,-6.78,-7.38,-7.08,-5.28,-5.68,-5.78,-5.28,-4.48,-3.98,-2.68,-1.48,0.02,2.22,3.52,4.72,6.12,4.52,3.72,2.82,3.52,5.12,7.32,8.22,9.22,7.52,6.02,3.32,2.12,-1.08,-1.18,-0.98,-0.28,0.32,1.22,0.52,-1.78,-2.28,-6.68,-6.98,-5.88,-5.38,-4.58,-3.78,-3.28,-5.98,-7.38,-7.18,-6.58,-5.98,-5.58,-4.88,-4.88,-4.58,-3.78,-2.78,-1.98,-1.88,-0.98,-0.68,-0.58
5.52,4.82,2.22,2.12,0.42,-0.28,0.12,0.12,-0.18,0.12,0.62,-2.88,-7.88,-8.68,-7.98,-7.68,-7.88,-7.18,-7.48,-7.48,-7.28,-7.48,-8.08,-7.78,-7.48,-6.68,-5.38,-4.78,-4.08,-4.68,-3.38,-2.78,-3.28,-2.58,-0.58,1.72,3.52,3.72,5.02,6.22,2.82,3.22,4.82,6.62,6.82,9.02,11.22,4.72,0.82,2.72,2.22,0.72,0.62,0.52,-0.58,1.52,1.02,-0.38,-2.98,-3.58,-4.58,-5.78,-5.58,-5.68,-5.28,-4.48,-3.78,-6.48,-6.68,-6.08,-5.18,-5.08,-5.68,-5.18,-4.88,-4.38,-3.38,-2.68,-1.88,-1.18,-0.58,-1.38
6.12,5.02,3.92,3.02,1.72,0.22,-1.38,-1.98,-1.68,-1.18,-1.38,-0.58,0.92,-7.08,-9.48,-9.08,-9.08,-8.98,-8.78,-8.58,-8.48,-7.98,-7.38,-8.18,-8.28,-7.38,-6.68,-5.28,-3.18,-2.48,-2.58,-2.08,-3.08,-4.38,-2.68,-0.08,1.52,2.02,3.42,4.72,4.22,4.72,5.32,6.02,3.62,5.42,5.62,8.22,7.92,5.02,3.82,3.32,4.92,2.62,1.32,1.42,0.12,-0.38,1.02,-1.98,-2.08,-4.98,-5.88,-6.08,-5.98,-5.88,-6.38,-5.98,-6.18,-5.88,-5.28,-4.88,-5.08,-4.48,-4.38,-4.08,-3.08,-2.08,-1.08,-1.28,-0.38,2.02
4.32,2.42,1.32,0.12,-0.58,-2.18,-3.18,-3.48,-3.48,-3.18,-2.58,-3.88,-2.68,4.82,-2.68,-10.98,-10.88,-10.18,-10.28,-9.88,-8.98,-8.28,-7.78,-8.08,-7.38,-6.48,-6.08,-6.98,-6.08,-4.58,-2.88,-1.68,-1.08,-5.68,-4.98,-2.98,-1.18,0.12,1.62,2.72,3.62,4.72,4.92,4.72,4.02,2.02,2.82,3.72,3.92,4.52,4.22,4.32,4.12,5.42,7.12,1.82,1.52,1.02,2.32,1.82,0.02,-1.98,-3.38,-4.78,-5.08,-5.38,-5.48,-6.18,-6.58,-6.28,-5.78,-5.48,-5.58,-4.78,-5.18,-4.48,-4.48,-3.98,-2.78,-2.88,0.52,1.52
6.02,3.62,0.92,-0.58,-2.78,-4.18,-5.58,-5.88,-6.28,-5.28,-4.08,-3.48,-4.68,-4.28,-2.88,-3.38,-11.78,-10.58,-10.38,-9.98,-9.98,-9.18,-8.48,-7.58,-7.78,-7.28,-6.28,-7.58,-7.18,-6.68,-4.88,-3.08,-2.98,-4.98,-4.88,-4.58,-3.98,-2.68,-1.28,0.22,2.12,3.62,4.72,4.32,3.12,4.22,-0.98,0.92,1.32,2.42,3.22,4.32,4.22,4.32,4.82,6.22,1.92,1.72,2.12,2.52,3.42,3.22,-1.98,-1.98,-2.88,-2.28,-2.28,-3.68,-5.68,-5.18,-5.58,-5.88,-4.48,-3.18,-3.48,-4.38,-4.88,-3.78,-2.18,0.22,0.02,0.42
9.72,7.02,3.32,-0.38,-2.68,-4.98,-6.68,-6.78,-7.48,-7.58,-6.28,-4.68,-4.28,-4.68,-3.78,-4.98,-2.68,-11.78,-10.88,-9.98,-9.78,-9.48,-10.28,-9.38,-8.18,-6.48,-6.38,-6.58,-6.58,-6.88,-6.48,-5.28,-4.28,-4.58,-4.48,-5.18,-5.68,-4.78,-3.68,-1.98,-0.38,1.22,2.02,3.32,3.52,3.32,3.42,1.52,2.02,1.82,1.92,3.02,3.02,2.82,2.72,2.32,3.32,4.22,1.62,1.72,2.52,0.02,1.62,-3.68,-3.38,-2.38,-1.78,-4.88,-6.68,-7.18,-7.18,-5.48,-5.28,-5.08,-4.28,-2.98,-2.98,-1.58,-1.58,-0.88,-2.18,-0.08
12.72,8.32,6.72,2.52,-3.18,-7.08,-7.78,-8.08,-8.18,-8.58,-7.78,-6.58,-4.28,-4.48,-4.48,-4.38,-2.68,-6.68,-11.28,-11.28,-11.38,-11.68,-11.28,-10.68,-9.98,-8.28,-7.38,-6.88,-7.08,-6.98,-6.78,-6.38,-5.38,-4.78,-4.48,-4.48,-5.38,-5.38,-4.78,-4.08,-2.88,-1.28,0.32,1.72,2.42,2.32,2.52,2.92,3.02,2.22,2.32,2.02,2.72,2.72,2.12,1.52,1.22,1.52,1.62,1.32,0.02,0.22,-0.98,-4.18,-4.78,-5.48,-4.08,-0.68,-6.48,-7.88,-8.18,-7.08,-4.78,-5.78,-4.88,-4.88,-3.58,-3.48,-3.48,-2.78,-1.98,-1.88
12.52,11.62,8.32,6.12,0.42,-7.58,-8.58,-8.38,-8.78,-8.88,-8.48,-7.48,-6.08,-5.08,-5.38,-5.48,-3.88,-4.48,-4.88,-12.88,-11.98,-12.38,-11.88,-11.68,-10.98,-9.68,-8.38,-7.38,-6.78,-6.58,-7.18,-7.18,-6.38,-5.58,-4.68,-4.58,-5.18,-5.68,-5.68,-4.38,-3.38,-2.18,-1.48,-0.18,1.22,2.12,2.82,3.42,3.82,4.72,4.92,5.32,4.22,5.02,3.32,2.72,2.32,1.52,1.22,1.02,0.82,-0.08,-1.38,-1.28,-3.88,-6.08,-6.58,-6.48,-6.18,-8.68,-6.28,-6.88,-7.08,-7.78,-6.78,-5.28,-4.38,-4.28,-4.68,-3.08,-2.28,-1.68
11.82,12.82,9.32,5.92,3.02,-5.18,-7.58,-8.28,-8.78,-9.18,-8.78,-7.68,-6.28,-5.08,-5.78,-6.38,-5.98,-4.28,-8.68,-8.18,-9.88,-12.38,-13.18,-13.88,-12.08,-10.28,-9.18,-8.98,-7.68,-6.38,-5.28,-5.68,-6.48,-6.08,-5.78,-5.58,-5.48,-5.78,-6.08,-5.38,-4.78,-3.88,-3.08,-1.08,-0.28,1.12,1.92,2.32,1.62,2.62,3.72,4.42,4.32,4.42,4.42,5.22,4.82,4.02,3.42,1.72,0.42,0.12,0.02,-1.28,-1.78,-5.48,-7.08,-8.08,-8.28,-6.98,-7.68,-6.98,-7.38,-8.28,-8.38,-6.88,-5.88,-6.48,-6.88,-4.08,-2.58,-0.88
10.42,11.52,10.82,6.42,1.42,1.72,-2.68,-5.98,-8.38,-8.88,-8.58,-7.18,-5.18,-4.88,-5.18,-7.38,-6.78,-5.78,-8.68,-9.68,-8.58,-12.48,-13.68,-12.88,-10.88,-9.18,-8.68,-8.78,-8.58,-6.18,-5.08,-5.98,-6.08,-6.48,-6.78,-6.38,-6.28,-6.38,-6.08,-6.18,-7.58,-6.58,-4.58,-2.78,-1.28,0.92,1.92,2.52,3.12,3.72,4.32,4.12,3.62,4.02,4.52,4.62,4.32,3.92,3.42,3.32,1.92,0.52,-1.68,-2.68,-2.28,-3.38,-6.58,-9.78,-8.98,-9.38,-9.38,-7.38,-9.18,-8.68,-8.28,-6.78,-6.68,-6.28,-5.58,-5.48,-2.48,-1.18
9.62,10.92,10.52,8.32,4.52,0.62,-4.58,-4.48,-7.08,-7.68,-7.08,-5.18,-4.58,-4.38,-5.68,-7.58,-5.88,-5.88,-8.98,-12.38,-11.88,-12.48,-9.78,-9.38,-9.28,-9.48,-8.78,-8.48,-8.68,-8.08,-5.38,-5.48,-5.78,-6.08,-5.98,-6.78,-7.78,-7.38,-7.88,-8.48,-7.08,-5.58,-3.88,-2.58,-1.38,0.22,1.42,1.92,1.52,1.82,2.72,3.72,3.72,3.62,3.52,4.02,3.72,3.62,3.12,2.32,1.52,0.72,0.72,-0.58,-3.38,-5.38,-5.68,-8.18,-10.58,-12.38,-11.88,-11.68,-10.38,-9.38,-9.38,-8.18,-7.08,-6.78,-6.08,-6.98,-3.68,-2.48
8.72,9.32,9.62,9.12,6.12,1.92,-1.38,-4.78,-5.58,-5.98,-4.88,-4.08,-2.88,-3.58,-7.08,-5.58,-4.78,-3.38,-14.08,-14.18,-12.68,-11.08,-12.38,-10.28,-10.18,-9.28,-8.78,-8.98,-8.18,-7.88,-7.98,-6.18,-5.58,-5.98,-6.38,-6.98,-9.38,-10.38,-9.48,-8.18,-6.68,-4.78,-3.58,-1.58,0.52,1.92,2.62,3.12,3.92,4.42,4.62,4.12,3.92,3.72,3.42,3.22,2.42,3.12,2.02,0.52,0.02,-0.48,-0.98,-1.28,-1.28,-1.98,-7.48,-7.98,-9.48,-11.18,-13.58,-14.08,-12.88,-11.58,-10.88,-9.58,-8.78,-8.58,-6.88,-7.48,-5.08,-3.28
9.82,9.02,8.12,8.12,6.82,6.22,0.22,-4.38,-5.38,-2.78,-0.18,-1.88,-5.88,-4.78,-4.28,-3.48,-0.68,-8.58,-13.98,-12.88,-12.88,-11.98,-9.98,-10.08,-9.48,-10.28,-8.88,-8.68,-7.98,-7.38,-7.68,-7.28,-6.68,-5.98,-6.18,-7.98,-10.48,-10.78,-9.78,-8.08,-6.28,-3.88,-2.08,-0.48,0.92,2.92,3.42,4.62,5.22,4.92,4.52,4.32,4.32,4.22,4.02,3.32,2.72,1.82,1.02,0.12,-0.68,-1.28,-2.48,-3.08,-3.98,-3.88,-3.78,-6.48,-9.68,-11.38,-12.98,-14.38,-15.38,-14.28,-12.78,-11.78,-10.58,-9.58,-8.68,-8.58,-5.28,-3.98
10.32,9.02,7.82,6.52,5.72,4.82,2.42,1.32,-3.08,-2.38,0.62,-0.28,-3.18,-4.18,-4.48,-0.28,-3.88,-13.88,-12.48,-11.28,-11.08,-10.18,-11.08,-11.78,-11.28,-10.28,-8.48,-7.78,-6.58,-6.58,-6.58,-5.78,-4.78,-7.68,-8.18,-6.48,-7.28,-6.08,-5.18,-5.58,-5.28,-2.78,-0.98,1.12,2.52,3.42,4.02,4.72,5.62,5.62,5.72,5.92,5.72,5.52,5.32,4.52,3.42,2.22,1.02,-0.58,-1.98,-3.08,-4.18,-5.38,-5.88,-6.98,-6.48,-5.48,-3.18,-7.98,-11.38,-15.68,-16.08,-15.98,-14.38,-13.38,-12.48,-11.38,-9.68,-9.68,-5.98,-5.48
13.12,11.02,8.72,6.82,4.92,3.22,2.32,0.62,-0.78,-1.18,0.92,5.32,-3.28,-4.08,-3.88,-3.48,-8.88,-8.98,-9.28,-8.68,-8.38,-8.68,-7.88,-8.98,-9.78,-9.58,-8.88,-6.48,-5.78,-5.08,-6.88,-8.08,-7.18,-6.38,-6.48,-7.08,-6.38,-5.78,-5.48,-4.08,-2.28,-1.18,0.62,2.02,3.02,4.72,5.32,5.02,5.52,7.02,6.92,7.22,7.22,6.32,5.72,4.72,3.72,2.62,0.92,-0.98,-2.68,-3.88,-4.78,-5.98,-7.38,-7.98,-8.28,-8.38,-8.08,-7.38,-8.18,-14.48,-17.68,-17.18,-15.98,-14.18,-13.48,-12.58,-10.38,-10.08,-8.68,-6.08
13.42,12.02,10.72,8.92,6.42,2.72,2.42,0.42,-0.88,-0.18,-0.08,2.92,5.52,-4.98,-5.08,-6.68,-8.08,-7.88,-7.08,-7.58,-7.28,-8.28,-9.98,-9.68,-8.28,-6.38,-6.88,-8.78,-7.88,-7.38,-6.88,-6.28,-5.68,-6.18,-6.38,-6.28,-6.48,-5.68,-4.68,-2.88,-1.18,0.42,1.12,2.62,4.32,4.92,6.22,7.12,7.52,7.32,7.92,7.82,8.22,8.22,7.62,7.02,5.82,3.82,1.42,-1.08,-2.78,-4.08,-5.18,-6.78,-7.78,-8.28,-9.38,-9.78,-9.78,-8.28,-6.98,-12.98,-17.48,-18.38,-16.58,-15.38,-14.08,-13.18,-11.98,-10.38,-8.78,-6.48
12.82,12.92,12.52,10.22,8.82,6.62,3.82,0.82,-0.28,-1.28,-1.18,-0.08,1.02,0.72,-6.38,-6.08,-5.58,-5.48,-6.88,-6.38,-6.68,-5.78,-6.18,-7.98,-7.78,-7.48,-8.58,-6.98,-7.38,-6.98,-6.48,-5.48,-7.08,-6.68,-5.08,-4.18,-3.48,-2.78,-2.78,-1.58,-0.48,1.22,2.12,2.62,3.32,3.82,5.02,6.62,8.92,8.72,8.82,9.32,10.52,10.62,10.42,9.52,6.52,3.52,1.42,-0.68,-1.28,-3.68,-4.98,-6.48,-8.28,-8.88,-9.48,-10.48,-10.28,-9.88,-9.18,-6.78,-17.18,-18.08,-17.28,-15.28,-14.38,-13.78,-12.18,-10.78,-9.48,-7.28
