gfs.json
{"header": {"discipline": 0, "disciplineName": "Meteorological products", "gribEdition": 2, "center": "kwbc", "centerName": "US National Weather Service - NCEP(WMC)", "subcenter": 0, "refTime": "2026-04-14T00:00:00.000Z", "significanceOfRT": 1, "significanceOfRTName": "Start of forecast", "productStatus": 0, "productStatusName": "Operational products", "productType": 1, "productTypeName": "Forecast products", "productDefinitionTemplate": 0, "productDefinitionTemplateName": "Analysis/forecast at horizontal level/layer at a point in time", "parameterCategory": 2, "parameterCategoryName": "Momentum", "parameterNumber": 2, "parameterNumberName": "U-component_of_wind", "parameterUnit": "m.s-1", "genProcessType": 2, "genProcessTypeName": "Forecast", "forecastTime": 0, "surface1Type": "sfc", "surface1TypeName": "Unknown", "surface1Value": 10, "surface2Type": 255, "surface2TypeName": "Missing", "surface2Value": 0, "gridDefinitionTemplate": 0, "gridDefinitionTemplateName": "Latitude_Longitude", "numberPoints": 65160, "shape": 6, "shapeName": "Earth spherical with radius of 6,371,229.0 m", "gridUnits": "degrees", "resolution": 48, "winds": "true", "scanMode": 0, "nx": 360, "ny": 181, "basicAngle": 0, "subDivisions": 0, "lo1": 0.0, "la1": 90.0, "lo2": 359.0, "la2": -90.0, "dx": 1.0, "dy": 1.0}, "data":
[rows 140 to 174 of 181, columns 79 to 157 of 360]
6.78,6.18,5.18,5.58,5.08,6.78,7.98,7.48,7.58,7.98,7.88,9.28,9.78,7.28,3.58,5.48,6.58,7.48,8.28,9.78,11.68,12.28,11.58,12.08,12.38,11.98,9.18,6.48,5.78,5.48,8.88,6.98,-2.32,-4.42,-3.82,-1.52,1.28,3.48,6.88,8.38,8.98,9.78,10.28,10.58,10.88,10.38,10.58,10.88,11.48,11.18,11.98,12.18,12.98,14.28,14.68,15.08,14.88,15.68,17.28,17.88,17.18,16.58,13.78,10.58,9.88,9.98,10.78,6.68,-1.02,0.48,-1.22,0.48,3.28,5.38,3.88,-1.82,-0.12,-0.32,-1.42
6.28,5.98,4.78,5.18,4.78,5.48,5.68,6.48,7.18,7.78,8.08,8.68,5.98,6.78,4.18,4.98,5.28,5.58,5.58,5.78,6.08,3.48,3.08,0.98,-1.42,-5.02,-4.62,-4.02,-0.82,3.28,5.88,-6.82,-8.72,-6.82,-4.42,-1.92,0.98,3.08,4.58,6.48,6.78,7.68,8.58,9.88,9.18,9.68,11.38,10.58,10.28,11.78,11.78,12.38,13.68,14.48,14.58,15.58,16.68,17.78,17.58,17.48,15.58,11.48,8.18,8.58,8.38,9.78,9.88,-0.82,-3.22,-4.42,-2.92,-0.82,2.88,2.18,-3.02,-0.22,-2.52,-2.52,-2.32
6.38,4.68,4.18,4.18,3.68,4.58,5.68,5.68,7.18,6.98,8.88,7.38,3.88,2.58,1.88,2.98,4.08,3.78,2.28,1.78,0.68,-2.02,-4.92,-7.52,-2.22,-4.22,-4.12,-2.12,-0.42,-5.62,-12.12,-10.42,-9.02,-4.92,-3.62,-1.12,-1.52,1.58,2.88,5.08,7.28,9.48,9.98,9.18,9.88,9.38,9.68,9.58,10.58,10.28,11.98,12.48,13.38,14.38,15.88,16.78,17.68,17.58,15.88,12.98,7.88,5.68,5.68,6.28,7.98,7.78,-0.22,-4.72,-6.32,-5.62,-4.12,0.68,0.38,-3.32,-2.92,-4.22,-3.02,-4.12,-5.22
5.18,4.08,2.98,1.58,1.58,2.48,3.88,5.28,5.28,6.88,4.88,1.08,1.58,1.88,2.28,2.38,2.38,1.78,0.78,-0.72,-3.52,-5.52,-6.72,-8.62,-11.12,-12.72,-13.42,-14.52,-14.32,-13.02,-10.72,-9.22,-8.72,-7.72,-7.02,-4.02,-1.52,3.48,5.48,7.98,8.88,9.98,9.08,8.98,7.98,8.48,8.88,8.78,8.58,10.08,11.48,12.68,13.88,15.38,16.88,17.28,16.58,13.78,7.98,6.58,2.88,4.28,6.18,6.88,6.78,-5.72,-6.72,-7.22,-7.12,-6.22,-3.02,-1.82,-3.32,-4.22,-4.32,-4.32,-4.12,-6.02,-6.72
3.98,0.48,-0.92,0.58,0.08,0.58,2.88,4.18,4.98,4.88,1.28,0.58,0.68,0.48,0.48,1.58,0.88,0.08,-1.12,-2.02,-4.22,-5.52,-7.62,-8.52,-9.42,-10.62,-12.62,-13.52,-12.92,-12.32,-11.22,-10.12,-8.32,-6.32,-3.22,-0.72,0.78,3.88,4.78,7.08,3.88,3.98,5.88,7.08,6.48,6.38,6.98,7.48,8.28,9.68,10.68,12.38,14.48,16.08,17.28,15.18,12.08,4.68,5.88,3.28,5.48,3.78,2.08,-6.22,-9.52,-8.02,-9.32,-8.52,-7.82,-6.12,-4.22,-3.52,-4.92,-4.42,-5.02,-5.02,-5.82,-7.22,-8.42
-0.32,-1.82,-2.82,-2.22,-1.12,0.78,2.48,3.58,2.18,0.28,1.58,1.38,0.38,-0.02,0.28,-0.12,-0.92,-2.22,-2.62,-3.52,-4.62,-5.52,-6.42,-7.62,-7.92,-8.42,-8.82,-8.62,-8.42,-7.62,-7.02,-5.12,-3.12,-1.52,-0.72,0.88,2.28,2.98,2.58,1.88,1.38,4.28,4.08,4.58,4.38,4.68,5.48,6.08,7.28,8.38,10.38,11.88,14.78,14.08,12.48,4.68,4.08,1.18,2.48,2.28,3.08,-3.92,-7.82,-8.72,-10.12,-10.02,-9.72,-8.52,-7.82,-5.92,-3.62,-5.82,-5.52,-5.12,-5.72,-6.52,-7.32,-8.32,-9.02
-5.32,-5.42,-5.42,-3.72,-1.52,0.78,1.88,1.68,-0.02,0.38,-0.62,0.28,0.58,0.38,-0.92,-1.42,-2.42,-2.62,-3.22,-4.22,-4.32,-4.72,-5.42,-5.72,-6.02,-6.12,-6.12,-6.12,-5.72,-5.02,-4.02,-2.82,-1.02,0.18,1.18,1.48,1.98,1.78,2.48,2.58,3.38,3.38,3.78,3.38,4.18,4.48,4.28,4.98,5.98,7.58,8.48,10.18,10.08,7.28,2.98,1.38,-1.42,-2.02,-2.52,-4.52,-8.42,-9.72,-10.42,-10.62,-10.12,-10.02,-9.12,-8.22,-7.32,-5.02,-4.62,-6.12,-4.42,-5.12,-5.82,-6.62,-7.12,-7.12,-8.02
-8.12,-7.32,-5.72,-3.52,-1.52,0.08,0.98,0.48,1.08,0.58,0.88,0.78,0.48,0.88,-1.42,-2.42,-2.22,-2.92,-3.42,-3.92,-4.22,-4.52,-4.32,-4.82,-4.42,-4.92,-4.62,-4.12,-3.22,-2.52,-2.92,-1.72,-1.72,-2.12,-0.72,-0.62,0.78,2.38,1.98,3.38,3.48,2.58,3.68,3.48,3.78,3.28,3.08,3.58,4.48,5.58,5.48,6.28,3.78,-3.32,-6.12,-8.82,-10.42,-9.62,-10.12,-10.12,-10.92,-11.42,-11.12,-10.92,-10.32,-9.12,-8.52,-8.32,-7.32,-5.92,-4.42,-5.12,-5.52,-5.72,-5.72,-6.22,-6.42,-7.22,-6.52
-7.52,-7.12,-5.12,-3.12,-1.62,-0.62,-1.02,0.58,0.88,1.28,0.78,0.88,0.48,-0.62,-1.12,-1.92,-2.02,-2.32,-2.92,-3.32,-3.32,-3.92,-3.72,-4.22,-3.92,-3.62,-3.12,-2.22,-1.82,-1.22,-0.42,-1.12,-0.52,-0.82,-0.32,0.58,1.58,1.78,2.08,2.58,2.68,2.98,3.58,4.08,3.28,3.18,2.68,2.58,2.98,3.28,1.78,1.98,0.08,-5.22,-8.02,-9.62,-10.92,-11.12,-11.22,-11.12,-11.22,-10.72,-11.12,-10.52,-9.22,-8.82,-8.52,-8.52,-7.02,-5.62,-5.32,-5.32,-5.12,-5.22,-5.82,-5.52,-5.92,-5.72,-6.02
-7.42,-5.72,-4.42,-3.12,-2.52,-1.12,-0.32,1.48,1.68,1.48,1.58,0.08,0.28,-0.02,-0.52,-0.32,-0.12,0.08,-0.32,-1.42,-1.42,-2.22,-1.92,-3.12,-2.92,-2.62,-2.12,-1.32,-0.32,-0.12,0.18,0.28,0.88,1.08,1.18,1.78,2.68,3.48,3.48,3.58,3.08,3.78,2.78,4.08,3.38,2.28,1.78,1.28,1.08,0.88,-0.32,-0.32,-2.52,-4.72,-6.72,-8.32,-9.22,-9.62,-9.92,-10.52,-9.72,-9.52,-9.42,-9.12,-8.12,-8.12,-7.82,-7.72,-6.62,-6.32,-5.72,-6.32,-6.12,-5.92,-5.72,-4.72,-4.02,-4.12,-4.12
-5.62,-4.62,-3.62,-2.02,-0.42,-0.32,0.78,0.48,1.18,0.08,-0.42,1.28,0.98,1.38,2.08,2.48,2.68,2.48,2.18,2.08,1.78,1.58,1.78,0.98,0.28,0.58,-0.52,0.38,1.28,1.48,1.68,2.18,2.28,2.68,2.58,3.48,4.08,3.88,3.88,3.98,2.98,3.48,4.18,5.48,0.68,0.58,0.38,-0.32,-1.62,-1.52,-1.32,-1.82,-3.22,-3.92,-5.22,-6.02,-7.42,-7.92,-8.32,-8.52,-8.12,-7.92,-8.02,-7.52,-6.92,-6.42,-6.52,-6.12,-6.62,-6.12,-5.52,-5.22,-5.42,-4.92,-4.92,-4.12,-3.32,-2.12,-2.22
-4.12,-3.42,-2.72,-1.72,-0.92,-0.42,-0.52,0.48,1.08,0.98,0.98,-0.02,2.08,3.28,3.88,4.58,4.78,4.78,4.68,4.58,4.48,4.48,4.18,4.08,4.08,3.38,3.68,2.68,2.98,3.28,3.38,3.38,3.38,3.28,4.28,4.68,3.58,4.48,3.38,3.28,2.78,2.08,0.48,2.28,-2.02,-0.52,1.28,-2.22,-3.52,-2.42,-1.52,-2.42,-4.32,-4.12,-5.22,-5.92,-6.52,-7.12,-6.72,-7.62,-7.12,-6.72,-6.52,-6.02,-5.72,-5.52,-4.72,-4.42,-3.42,-2.32,-2.92,-3.22,-3.12,-2.82,-2.82,-2.32,-1.52,-0.92,-0.72
-2.12,-1.82,-1.12,-0.62,-0.12,0.28,0.68,0.78,0.68,1.18,1.28,2.98,4.18,4.98,4.78,4.78,4.68,4.98,4.78,5.58,6.08,6.08,5.68,5.78,5.88,5.88,5.68,5.28,4.88,4.68,4.38,3.78,3.88,4.28,3.88,3.88,4.68,3.68,2.68,2.48,2.18,1.48,0.48,0.18,0.98,1.18,-1.02,-2.42,-4.72,-2.72,-0.92,-2.12,-4.42,-4.52,-5.12,-5.52,-5.82,-6.52,-6.52,-6.82,-6.62,-6.62,-5.72,-4.82,-4.52,-4.22,-3.62,-3.12,-2.32,-2.12,-0.92,-0.52,-0.52,-0.52,0.08,0.58,0.78,1.18,1.78
-1.42,-0.72,0.18,0.68,1.28,1.98,2.48,3.08,3.18,3.48,4.08,4.68,5.08,5.78,6.38,6.28,5.08,4.68,5.08,6.58,6.98,7.08,6.58,6.98,7.38,7.28,7.08,6.58,5.78,5.18,4.58,4.08,3.28,2.88,2.48,3.78,3.18,1.98,1.18,1.58,0.08,-0.52,0.88,-1.22,-0.92,-0.82,-2.92,-3.82,-3.22,-2.92,-3.02,-4.22,-4.72,-5.12,-5.62,-5.92,-6.22,-6.62,-6.82,-6.62,-6.82,-7.02,-6.32,-5.42,-4.62,-3.32,-2.72,-2.12,-1.42,-1.02,-0.82,-0.32,0.18,0.78,0.98,0.98,1.48,1.68,1.78
-0.82,0.88,-0.52,0.98,1.68,2.48,3.28,3.68,5.88,3.38,5.28,3.78,1.98,3.48,3.48,2.68,2.88,4.78,5.18,5.88,6.68,7.58,4.48,4.58,6.58,7.38,6.88,6.98,6.58,5.98,4.88,4.18,3.08,1.98,0.38,-0.12,-2.62,-1.42,-1.82,-2.32,-1.82,-2.52,-3.42,-5.02,-5.32,-4.92,-5.22,-5.12,-5.52,-5.52,-5.62,-7.42,-8.62,-9.52,-9.62,-8.42,-8.42,-8.92,-9.22,-9.42,-9.22,-8.52,-6.82,-5.82,-5.32,-4.72,-3.52,-2.32,-1.42,-1.02,-0.32,0.48,0.08,1.08,1.58,1.98,2.68,3.08,3.28
-0.62,-0.62,-0.02,0.48,-1.42,-1.92,-3.72,-3.72,-3.02,-1.82,0.28,0.48,0.28,0.18,0.88,1.88,2.38,2.58,1.88,2.48,2.78,2.88,3.28,1.48,2.68,3.58,4.88,4.58,3.58,2.98,1.08,0.18,-2.02,0.38,-0.02,0.28,-1.12,-2.42,-2.72,-2.92,-4.82,-7.62,-9.22,-8.72,-8.12,-5.92,-5.12,-4.32,-7.62,-8.12,-9.42,-9.82,-10.22,-9.92,-9.72,-9.92,-10.32,-10.92,-11.22,-11.92,-10.92,-12.62,-12.22,-10.12,-10.02,-8.82,-8.22,-7.02,-6.12,-6.02,-3.32,-1.32,-0.22,0.78,1.18,1.18,1.28,1.88,2.48
-7.82,-6.82,-6.22,-5.22,-4.92,-4.72,-4.42,-3.62,-2.72,-1.22,0.08,0.88,1.38,1.78,1.98,2.38,0.88,-0.62,0.48,0.88,1.28,1.68,2.08,-3.92,-4.32,-3.92,-6.12,-3.62,-3.02,-2.22,-4.52,-5.12,-3.42,-3.22,-6.22,-3.92,-5.72,-5.82,-5.92,-6.72,-7.82,-8.52,-8.32,-8.82,-8.92,-9.72,-10.72,-9.92,-9.12,-10.92,-12.32,-12.12,-11.02,-12.42,-11.72,-8.72,-11.52,-10.52,-10.12,-8.62,-7.92,-8.12,-8.02,-9.02,-8.72,-6.72,-5.42,-4.62,-2.92,-1.62,-1.12,-0.82,-0.92,-0.42,0.38,1.18,1.78,1.98,2.48
-6.92,-6.12,-5.72,-5.12,-4.22,-4.32,-3.82,-1.72,-2.12,-1.72,-1.22,-2.72,-3.22,-2.72,-2.72,-2.92,-2.82,-2.62,-3.02,-1.52,-0.82,-2.32,-5.72,-5.32,-7.22,-6.82,-6.52,-7.82,-7.72,-7.82,-7.02,-9.52,-7.22,-7.72,-5.32,-2.92,-4.52,-8.02,-8.62,-7.52,-7.62,-7.12,-4.32,-6.22,-8.12,-7.32,-9.42,-6.42,-2.22,-2.82,-2.82,-3.82,-8.62,-9.92,-5.42,-4.82,-7.12,-4.62,-4.72,-4.12,-4.52,-3.52,-3.92,-2.92,-1.72,0.58,0.78,-0.62,-0.52,0.48,0.48,0.58,1.48,2.88,3.58,4.78,4.88,4.98,4.58
-3.12,-2.12,-2.42,-1.32,-2.32,-3.02,-3.32,-2.82,-3.02,-3.42,-4.82,-4.52,-4.32,-4.22,-4.12,-3.82,-3.92,-4.32,-4.42,-0.32,-4.92,-5.82,-6.12,-6.42,-6.32,-7.22,-6.82,-6.72,-7.02,-7.22,-7.82,-7.52,-6.02,-5.12,-5.12,-6.12,-7.22,-7.42,-6.52,-6.72,-6.62,-7.72,-8.32,-8.82,-9.12,-8.22,-6.42,-5.52,-5.32,-5.72,-6.02,-6.32,-6.22,-7.02,-6.12,-4.62,-3.22,-2.12,-2.22,-1.82,-0.82,0.68,1.48,1.28,2.28,-1.22,-6.92,2.98,5.98,2.08,-0.22,2.68,1.78,4.68,5.28,5.08,5.78,5.68,4.78
-4.62,-4.82,-5.22,-4.72,-4.42,-4.12,-4.02,-4.22,-4.02,-4.32,-4.82,-4.92,-5.02,-5.12,-5.22,-5.52,-5.42,-5.32,-5.22,-5.82,-6.22,-5.72,-6.22,-6.52,-7.02,-6.62,-6.62,-6.42,-6.22,-5.82,-6.32,-6.62,-5.92,-5.32,-5.52,-5.92,-6.02,-6.32,-6.42,-6.32,-6.62,-6.62,-6.92,-6.72,-6.72,-6.32,-5.82,-5.22,-4.92,-4.62,-4.72,-4.92,-4.82,-5.62,-4.52,-4.72,-1.52,-1.62,-0.92,-0.22,1.28,1.48,1.98,1.78,1.78,0.58,1.18,1.08,-1.32,-2.42,-2.12,1.68,1.28,-1.62,-0.62,-1.92,0.28,-1.32,-2.12
-6.02,-5.32,-5.12,-5.22,-4.92,-4.92,-5.02,-5.22,-5.32,-5.42,-5.52,-6.02,-6.12,-6.62,-6.62,-6.42,-6.52,-6.62,-6.52,-6.62,-6.22,-6.32,-6.52,-6.72,-6.62,-6.52,-6.12,-5.72,-5.42,-5.62,-5.72,-5.62,-5.22,-4.92,-5.32,-5.02,-5.22,-5.62,-5.62,-5.42,-5.52,-5.72,-5.82,-5.72,-5.42,-5.32,-4.92,-4.72,-4.22,-3.72,-3.72,-3.82,-3.42,-2.72,-2.32,-1.02,0.08,-0.02,0.28,1.28,2.08,2.78,3.28,3.98,3.28,2.88,2.08,0.98,0.18,0.48,0.68,0.28,-0.32,-0.72,-3.22,-4.92,-3.22,-1.72,-0.52
-5.92,-6.12,-5.92,-5.72,-5.82,-5.82,-5.82,-5.72,-5.82,-5.92,-6.22,-6.22,-6.52,-6.72,-6.82,-6.92,-7.02,-6.52,-6.42,-6.32,-6.22,-6.02,-5.92,-5.52,-5.42,-5.02,-4.62,-4.12,-4.02,-4.32,-4.32,-4.32,-4.32,-3.92,-4.32,-4.42,-4.32,-4.22,-4.32,-4.32,-4.32,-4.22,-4.22,-4.12,-3.92,-3.72,-3.52,-3.22,-2.72,-2.22,-1.72,-1.12,-0.32,0.68,1.48,2.18,1.78,1.68,1.88,2.48,3.08,3.78,3.68,3.68,3.28,3.48,2.48,1.98,1.68,1.38,0.88,0.48,0.38,-0.02,-0.42,-0.82,-1.42,-1.32,-1.02
-6.32,-6.02,-5.92,-6.12,-6.12,-6.12,-6.22,-6.52,-6.62,-6.52,-6.52,-6.62,-6.82,-6.82,-6.62,-6.32,-6.02,-5.72,-5.72,-5.62,-5.42,-4.82,-4.52,-4.42,-4.22,-3.92,-3.62,-3.42,-3.62,-3.52,-3.42,-3.62,-3.62,-3.72,-3.62,-3.52,-3.32,-3.12,-3.12,-3.02,-3.02,-2.72,-2.62,-2.42,-2.22,-2.02,-1.62,-0.92,0.08,0.98,1.78,2.38,2.78,3.18,3.68,3.48,3.58,3.88,2.58,2.98,3.18,3.48,3.68,3.38,3.18,2.98,3.28,3.28,2.68,2.28,1.78,1.78,1.58,1.38,1.08,0.88,0.68,0.38,0.68
-6.32,-6.12,-6.12,-6.12,-6.12,-6.32,-6.32,-6.42,-6.52,-6.42,-6.42,-6.52,-6.52,-6.32,-6.02,-5.72,-5.42,-5.32,-5.12,-5.02,-4.92,-4.82,-4.62,-4.22,-4.12,-3.82,-3.62,-3.42,-3.22,-3.12,-3.12,-2.82,-2.62,-2.42,-2.22,-2.02,-1.92,-1.72,-1.62,-1.32,-1.12,-0.92,-0.72,-0.22,0.28,1.18,1.78,2.28,2.78,3.28,3.98,4.38,4.28,4.08,3.98,4.98,4.18,3.98,3.98,3.78,3.58,4.28,4.08,3.98,3.78,3.78,3.68,3.78,3.68,3.58,3.38,2.98,2.58,2.58,2.58,2.68,2.68,2.78,3.28
-6.12,-6.02,-6.12,-6.22,-6.12,-6.42,-6.12,-6.12,-6.22,-6.22,-6.02,-6.02,-6.12,-6.12,-5.92,-5.42,-5.02,-4.82,-4.72,-4.52,-4.42,-4.32,-4.12,-4.12,-4.02,-3.92,-3.92,-3.92,-3.92,-3.92,-3.62,-3.62,-3.42,-3.12,-2.92,-2.62,-2.22,-1.82,-1.22,-0.52,0.08,0.58,1.08,1.78,2.48,3.28,3.58,3.98,3.78,4.08,4.48,4.18,4.48,4.38,4.08,5.38,5.68,4.98,4.58,4.48,4.98,5.88,5.68,4.88,4.68,4.58,4.48,4.58,4.78,4.88,4.98,5.28,5.88,6.28,6.88,7.18,8.08,7.58,7.78
-6.02,-6.12,-6.02,-6.02,-6.22,-6.22,-6.02,-5.92,-6.12,-6.02,-5.72,-5.62,-5.82,-5.82,-5.52,-5.02,-4.42,-4.12,-3.92,-3.82,-3.62,-3.52,-3.52,-3.42,-3.22,-3.12,-3.12,-3.02,-2.92,-2.82,-2.62,-2.42,-2.22,-2.12,-1.92,-1.82,-1.62,-1.32,-0.92,-0.62,-0.22,0.18,0.58,1.18,1.98,2.98,3.58,4.18,4.48,4.98,5.18,4.88,5.18,5.18,4.98,5.38,5.78,6.88,6.58,5.48,5.98,6.68,6.28,6.18,6.38,6.08,6.18,6.08,5.98,6.58,6.88,7.58,8.18,8.68,9.18,9.88,10.78,11.28,11.58
-6.92,-7.32,-7.12,-6.72,-6.42,-6.32,-6.22,-6.12,-5.82,-5.62,-5.52,-5.42,-5.12,-4.72,-4.52,-4.12,-3.52,-3.02,-2.82,-2.72,-2.62,-2.42,-2.12,-1.72,-1.32,-0.82,-0.42,-0.02,0.38,0.58,0.68,0.78,0.88,0.98,1.28,1.38,1.48,1.78,2.08,2.48,2.98,3.48,3.88,4.38,4.68,4.88,4.98,5.58,5.98,6.38,6.58,6.28,6.38,6.58,6.38,6.28,6.08,6.78,6.98,7.08,7.08,6.88,6.88,7.08,6.98,6.58,6.58,6.58,6.68,6.58,6.88,7.58,7.98,7.98,7.68,7.88,8.78,6.08,3.98
-7.92,-7.72,-7.52,-7.12,-6.92,-6.72,-6.52,-6.52,-6.02,-5.42,-5.12,-4.62,-4.02,-3.82,-3.42,-2.92,-2.42,-1.82,-1.32,-0.82,-0.12,0.58,1.08,1.28,1.28,1.58,1.98,2.58,2.78,2.88,3.08,3.18,3.38,3.48,3.68,3.88,3.98,4.08,4.28,4.38,4.68,4.88,4.88,4.98,5.08,5.28,5.58,6.08,6.88,7.28,7.18,7.48,7.28,7.58,7.48,7.38,7.38,7.58,7.48,7.38,7.28,7.48,7.48,7.58,7.28,6.88,6.88,7.08,7.08,7.08,7.08,7.28,7.48,7.38,7.08,7.08,7.18,7.28,6.08
-7.82,-7.82,-7.42,-6.92,-6.72,-6.72,-6.62,-6.12,-5.62,-4.92,-4.42,-4.12,-3.62,-3.12,-2.52,-1.82,-1.02,-0.32,0.28,1.08,1.88,2.48,2.68,3.08,3.38,3.38,2.98,3.48,4.58,4.58,4.48,4.58,4.68,4.68,4.78,4.78,4.78,4.78,4.98,4.98,5.18,5.28,5.28,5.28,5.48,5.48,5.78,6.28,6.98,7.28,7.78,7.98,8.18,8.28,8.48,8.28,7.98,7.78,7.68,7.58,7.68,7.78,7.48,7.28,7.48,7.28,7.28,7.38,7.48,7.48,7.98,8.18,8.08,8.38,8.68,8.68,8.78,7.08,4.38
-6.62,-6.92,-6.82,-6.32,-6.22,-6.02,-5.62,-5.42,-5.12,-4.62,-4.12,-3.42,-2.92,-2.32,-1.42,-0.32,0.78,1.78,2.58,3.28,3.28,3.48,3.78,3.98,3.98,4.18,4.28,4.18,4.38,4.68,4.58,4.78,4.98,4.88,4.88,5.08,5.08,5.18,5.18,5.28,5.48,5.58,5.78,5.98,5.98,6.18,6.28,6.68,7.28,7.68,7.98,8.18,8.58,8.68,8.38,8.28,8.08,7.98,7.78,7.68,7.78,7.78,7.58,7.38,7.48,7.68,7.78,7.88,8.08,8.18,8.08,8.28,8.78,8.98,8.68,8.88,9.38,7.78,5.48
-4.72,-4.42,-4.12,-3.82,-3.12,-2.62,-2.42,-2.22,-2.12,-1.82,-1.42,-0.92,-0.32,0.28,0.98,1.58,2.08,2.48,2.88,3.18,3.38,3.58,3.78,3.68,3.78,3.78,3.88,3.88,3.88,3.98,3.98,4.18,4.48,4.68,4.78,5.08,5.08,5.18,5.28,5.38,5.48,5.68,5.78,5.78,5.78,5.88,5.78,5.88,6.18,7.08,7.58,7.38,7.58,7.88,8.18,7.78,7.58,7.58,7.58,7.58,7.48,7.38,7.28,7.28,7.58,7.68,7.68,7.98,8.68,9.48,8.68,7.78,8.08,8.18,5.58,0.98,3.08,6.08,3.98
-1.12,-0.82,-0.42,-0.02,0.18,0.28,0.38,0.58,0.68,0.78,0.98,1.28,1.48,1.68,1.88,2.08,2.38,2.68,2.88,2.88,3.08,3.28,3.38,3.48,3.78,4.08,4.08,3.98,4.18,4.38,4.28,4.18,4.38,4.68,4.78,4.88,5.08,5.28,5.48,5.58,5.78,5.98,6.08,6.38,6.58,6.38,6.18,6.38,6.68,7.28,7.58,7.68,7.78,7.88,7.88,7.68,7.38,7.08,6.78,6.28,5.88,5.68,5.58,5.38,5.38,5.28,5.18,5.08,5.18,5.28,4.88,4.58,4.58,3.98,3.08,1.88,0.48,-1.82,-2.42
2.48,2.78,3.08,3.18,3.38,3.48,3.58,3.68,3.68,3.68,3.68,3.68,3.58,3.68,3.78,3.98,4.18,4.28,4.38,4.38,4.38,4.48,4.38,4.28,4.08,3.98,4.08,4.18,4.38,4.48,4.68,4.88,4.98,4.88,4.78,4.68,4.78,4.98,5.18,5.38,5.78,5.98,5.88,5.88,6.08,6.08,5.88,5.68,5.48,5.18,4.88,4.78,4.78,4.78,4.78,4.68,4.78,4.88,4.88,4.68,4.18,3.58,3.08,2.68,2.38,2.08,1.78,1.68,1.78,1.88,1.98,1.78,1.08,-0.52,-1.52,-0.92,0.28,1.48,2.48
3.28,3.38,3.48,3.48,3.68,3.78,3.78,3.78,3.88,3.88,3.88,3.88,3.98,4.08,4.38,4.58,4.68,4.58,4.48,4.48,4.38,4.38,4.38,4.28,4.28,4.18,4.08,4.08,4.08,4.18,4.38,4.68,4.98,5.18,5.08,4.78,4.38,4.08,3.88,3.88,3.88,3.78,3.68,3.68,3.68,3.78,3.78,3.88,3.98,4.08,4.28,4.38,4.28,4.18,3.98,3.68,3.48,3.38,3.28,3.28,3.28,3.38,3.38,3.38,3.28,3.28,3.08,2.88,2.58,2.38,2.28,2.48,2.88,3.68,3.98,4.08,4.08,4.38,4.18
3.38,3.58,3.78,3.88,3.98,4.08,4.18,4.38,4.48,4.68,4.78,4.88,4.78,4.58,4.38,4.28,4.28,4.28,4.38,4.38,4.38,4.48,4.48,4.48,4.48,4.48,4.38,4.28,4.18,4.08,3.98,3.98,3.98,4.08,4.08,4.08,4.08,4.18,4.18,4.28,4.38,4.48,4.38,4.38,4.28,4.18,4.08,3.98,3.88,3.78,3.78,3.78,3.78,3.78,3.68,3.68,3.68,3.58,3.48,3.28,3.18,3.08,3.08,2.98,2.98,2.88,2.68,2.58,2.58,2.58,2.78,2.78,2.68,2.48,2.28,1.88,1.58,1.38,0.88
