gfs.json
{"header": {"discipline": 0, "disciplineName": "Meteorological products", "gribEdition": 2, "center": "kwbc", "centerName": "US National Weather Service - NCEP(WMC)", "subcenter": 0, "refTime": "2026-04-08T18:00:00.000Z", "significanceOfRT": 1, "significanceOfRTName": "Start of forecast", "productStatus": 0, "productStatusName": "Operational products", "productType": 1, "productTypeName": "Forecast products", "productDefinitionTemplate": 0, "productDefinitionTemplateName": "Analysis/forecast at horizontal level/layer at a point in time", "parameterCategory": 2, "parameterCategoryName": "Momentum", "parameterNumber": 3, "parameterNumberName": "V-component_of_wind", "parameterUnit": "m.s-1", "genProcessType": 2, "genProcessTypeName": "Forecast", "forecastTime": 0, "surface1Type": "sfc", "surface1TypeName": "Unknown", "surface1Value": 10, "surface2Type": 255, "surface2TypeName": "Missing", "surface2Value": 0, "gridDefinitionTemplate": 0, "gridDefinitionTemplateName": "Latitude_Longitude", "numberPoints": 65160, "shape": 6, "shapeName": "Earth spherical with radius of 6,371,229.0 m", "gridUnits": "degrees", "resolution": 48, "winds": "true", "scanMode": 0, "nx": 360, "ny": 181, "basicAngle": 0, "subDivisions": 0, "lo1": 0.0, "la1": 90.0, "lo2": 359.0, "la2": -90.0, "dx": 1.0, "dy": 1.0}, "data":
[rows 36 to 71 of 181, columns 162 to 242 of 360]
13.79,17.89,19.19,19.59,19.19,18.39,16.89,16.29,14.39,14.59,14.99,14.99,16.59,17.99,17.59,17.79,17.19,15.99,12.29,11.89,10.29,8.79,6.39,3.99,1.79,-0.41,-2.01,-3.71,-3.91,-3.41,-2.71,0.09,-5.61,-4.31,-3.81,-2.01,-4.21,-1.21,1.29,3.39,4.49,3.29,3.69,3.99,3.89,4.39,6.39,7.29,6.99,5.49,5.69,6.19,7.89,8.59,8.59,7.79,7.09,6.19,4.79,4.39,2.59,1.49,0.09,-2.61,-4.21,-4.41,-5.21,-7.21,-1.51,-1.81,-2.01,-0.91,-0.31,-0.51,-0.21,-0.11,-0.31,1.59,0.79,1.19,-0.01
15.29,17.79,19.09,17.99,17.19,16.49,14.99,14.29,13.29,11.79,12.29,7.69,16.39,17.59,17.99,17.99,17.39,15.79,13.99,12.29,9.29,7.09,5.49,3.49,0.99,-1.01,-2.61,-3.91,-5.01,-6.41,-4.51,-6.51,-0.81,-5.11,-3.31,-1.81,-0.31,1.19,1.29,4.29,2.79,1.49,2.69,4.59,3.49,4.99,6.19,6.29,5.09,5.09,6.39,7.69,8.99,9.09,8.39,6.99,6.19,5.49,4.59,1.99,-0.21,-1.51,-3.21,-5.01,-6.71,-8.81,-2.41,-10.11,-9.91,-1.41,-1.21,-0.31,-0.11,0.09,-0.91,-1.71,0.59,0.49,1.49,1.29,1.49
13.29,14.09,15.69,15.79,14.89,14.29,12.79,11.79,11.29,10.69,10.69,12.19,15.19,16.49,18.19,17.99,16.39,13.99,13.39,11.49,4.59,7.49,4.59,3.39,0.29,0.29,-3.21,-4.21,-5.51,-5.41,-5.21,-3.01,-2.91,-4.01,-1.21,-1.51,0.39,0.99,1.49,3.09,2.09,1.89,3.49,2.19,3.99,5.39,5.09,4.79,5.79,7.59,9.19,9.09,8.69,7.99,6.89,6.59,6.09,3.39,1.29,-0.11,-1.31,-2.81,-4.21,-5.71,-7.31,-8.81,-9.61,-6.01,-11.31,-9.71,-0.21,-0.71,-1.01,-2.11,-2.11,-0.61,-0.51,0.79,0.19,0.79,-0.21
9.39,12.19,12.89,12.89,12.29,11.09,10.49,9.79,9.99,10.09,10.69,12.89,14.89,16.29,16.49,16.49,14.49,14.09,12.19,10.39,8.59,6.09,3.99,2.29,0.09,-1.91,-2.81,-4.51,-5.21,-5.31,-4.71,-4.11,-3.71,-3.01,-2.21,-1.51,0.29,2.79,1.19,0.19,1.59,2.29,1.59,3.29,4.19,4.29,4.89,5.89,8.69,8.69,8.09,7.99,7.69,6.59,6.19,4.69,2.99,1.19,0.59,-1.31,-2.41,-3.81,-5.31,-6.51,-7.81,-8.91,-9.41,-7.01,-11.51,-10.81,-6.71,0.59,0.19,0.79,1.29,1.29,1.39,2.19,-0.31,0.59,0.69
7.79,9.19,9.99,9.59,8.99,7.89,7.39,8.09,7.99,6.99,10.39,13.19,14.69,15.99,16.09,16.59,15.69,13.79,11.39,9.79,7.69,5.49,3.39,1.49,0.09,-3.21,-2.71,-5.11,-5.71,-5.91,-5.41,-4.41,-4.41,-3.21,-1.61,-1.41,-0.01,-1.01,-0.41,1.49,1.09,0.89,3.79,3.79,3.59,4.29,7.39,8.29,7.99,7.79,7.79,6.99,6.29,5.09,3.69,2.39,1.49,0.89,-0.71,-2.11,-3.31,-4.51,-5.61,-6.71,-7.91,-9.11,-9.91,-9.01,-11.41,-11.91,-10.81,-1.41,-0.61,-1.71,0.89,0.69,1.49,0.59,0.89,-0.01,-0.01
5.59,6.79,6.49,6.69,5.39,4.79,4.99,6.09,4.89,5.09,11.29,13.79,15.29,15.59,15.49,15.09,14.09,12.39,10.39,9.09,7.09,4.99,2.69,0.59,-1.51,-2.61,-4.71,-4.81,-5.81,-6.61,-4.71,-4.01,-3.61,-2.21,-3.01,-2.51,-1.31,0.29,0.09,0.19,0.99,4.69,3.69,2.99,4.49,7.29,7.69,7.29,7.19,7.29,6.49,5.69,4.29,3.69,2.49,1.99,1.09,-0.41,-1.41,-2.71,-3.91,-4.81,-5.91,-6.91,-7.81,-8.51,-9.81,-9.91,-10.21,-11.11,-11.31,-4.51,-0.41,0.79,-0.71,-0.61,-0.81,0.49,0.99,1.09,1.99
3.39,3.69,3.39,2.59,2.89,2.69,3.79,4.49,1.49,9.69,12.49,14.99,15.79,14.89,14.79,14.49,12.89,10.79,9.79,8.19,6.19,4.89,2.39,-0.51,-2.41,-3.21,-4.01,-4.31,-4.21,-3.51,-3.91,-4.51,-4.31,-3.61,-2.51,-2.91,-1.51,-1.51,-2.51,2.79,3.29,3.19,2.89,4.29,5.99,6.59,6.19,6.89,6.39,6.19,4.09,3.69,3.39,2.39,2.09,1.09,0.09,-1.31,-2.21,-3.21,-4.81,-5.81,-6.11,-7.11,-7.71,-8.71,-9.81,-9.31,-10.91,-10.71,-10.51,-4.91,-1.31,0.59,-1.21,-2.21,-0.71,0.99,1.59,1.19,0.69
1.49,1.09,0.59,1.29,0.59,2.29,2.39,-0.01,5.49,11.39,13.99,14.69,14.69,14.59,13.19,12.09,10.99,9.49,8.99,7.59,5.79,3.69,1.49,-1.11,-3.81,-3.81,-4.31,-4.31,-4.71,-5.61,-6.41,-6.41,-6.31,-4.31,-4.51,-2.91,-3.71,-4.31,1.89,-0.01,2.29,5.19,5.19,5.79,6.19,5.29,5.29,6.19,5.69,4.09,3.39,3.09,2.49,1.59,0.79,0.09,-1.11,-2.11,-3.31,-4.21,-5.01,-5.51,-5.91,-6.71,-7.51,-8.31,-8.61,-8.31,-9.11,-9.81,-9.31,-6.21,-3.71,-0.31,0.39,-1.11,-1.41,0.49,-0.91,0.99,1.19
-1.01,-1.21,-0.31,-0.91,-0.31,-0.31,-0.71,0.29,10.49,13.19,13.99,13.49,13.59,13.59,12.79,11.79,9.99,9.29,8.19,6.69,4.99,2.99,1.09,-2.01,-3.81,-5.11,-5.61,-5.31,-5.31,-5.71,-6.11,-6.31,-6.11,-5.61,-4.71,-5.71,-5.51,-1.01,-2.21,2.09,4.89,5.29,5.79,5.59,5.09,4.69,4.79,5.39,4.59,3.79,2.79,2.39,1.49,0.59,-0.71,-1.01,-2.41,-3.21,-4.41,-5.01,-5.41,-5.91,-6.81,-7.21,-7.61,-8.11,-8.11,-7.91,-8.31,-8.81,-8.61,-6.91,-4.61,-3.71,-2.31,-0.11,0.39,1.29,0.89,0.19,0.09
-2.71,-2.71,-3.11,-2.71,-2.51,-2.41,-5.01,9.29,12.69,13.59,13.19,13.09,13.09,12.49,11.79,10.69,9.79,8.59,7.59,6.09,4.39,2.39,0.29,-2.81,-4.41,-5.61,-6.31,-6.91,-7.61,-7.11,-7.81,-8.41,-7.21,-7.41,-8.01,-4.11,-3.81,-7.61,3.39,4.69,4.79,5.19,5.69,5.59,5.59,4.09,5.69,4.49,3.39,1.99,1.49,0.79,0.29,-0.51,-1.51,-2.41,-3.11,-3.91,-4.81,-5.41,-6.31,-6.91,-7.01,-6.71,-6.71,-7.01,-7.01,-7.11,-7.11,-6.91,-6.31,-5.71,-4.91,-4.71,-1.21,-0.21,0.69,0.69,1.89,1.49,-0.01
-4.81,-4.41,-3.51,-3.11,-3.41,-4.51,7.49,12.19,12.29,12.49,12.19,12.29,12.09,10.89,10.29,9.39,7.99,7.59,6.49,4.89,2.79,0.89,-1.51,-4.11,-5.21,-6.31,-6.71,-6.91,-7.71,-8.21,-8.41,-9.01,-8.71,-9.61,-7.81,-6.71,-9.31,2.39,4.99,4.89,4.69,5.09,5.59,5.39,4.69,3.09,4.89,3.89,2.39,1.79,-0.31,0.59,-0.21,-0.71,-2.21,-3.21,-4.01,-5.21,-5.81,-6.61,-6.61,-7.11,-6.71,-7.31,-7.31,-6.81,-6.31,-6.21,-6.01,-5.41,-5.11,-5.41,-4.81,-5.21,0.09,-0.41,-0.51,0.29,0.69,-0.11,1.29
-5.21,-5.61,-4.01,-4.71,-4.91,1.29,11.79,11.99,11.39,11.39,11.39,11.19,10.49,9.99,8.89,7.49,6.99,6.89,4.49,3.69,1.69,-0.31,-2.21,-3.81,-4.91,-6.01,-6.81,-8.11,-8.71,-9.41,-9.71,-9.81,-10.01,-10.81,-7.71,-10.51,-3.51,6.09,7.39,6.09,6.39,6.69,6.39,5.79,4.99,4.89,4.59,3.49,1.59,-0.71,-0.51,0.39,-1.31,-2.11,-3.41,-4.51,-5.51,-5.91,-6.41,-7.01,-7.71,-7.71,-7.61,-7.81,-6.51,-6.41,-6.51,-5.71,-4.51,-3.81,-3.91,-4.21,-5.01,-5.81,-0.81,0.29,0.79,0.69,1.99,2.99,-0.51
-7.21,-5.41,-5.51,-6.91,-7.01,12.19,12.59,11.69,10.39,10.09,10.79,10.29,9.89,9.19,8.09,7.09,5.89,5.29,4.19,1.89,-0.61,-2.51,-3.41,-3.91,-4.71,-5.61,-7.31,-8.41,-9.31,-9.91,-10.21,-10.01,-10.71,-8.81,-10.31,-10.51,5.89,9.99,8.49,7.19,7.09,6.29,5.59,5.79,5.29,4.99,4.09,2.39,0.49,-1.61,-0.91,-0.71,-1.71,-4.01,-4.81,-5.61,-6.41,-7.01,-8.11,-8.91,-8.81,-8.71,-8.51,-7.81,-7.81,-6.91,-6.41,-4.71,-3.91,-2.81,-1.51,-0.81,-3.61,-3.61,0.29,0.49,0.29,1.49,0.89,0.19,0.79
-6.71,-6.71,-8.81,-7.71,12.89,12.39,12.79,10.49,9.39,8.79,9.69,9.09,8.49,7.99,8.39,7.09,6.19,4.59,2.89,0.19,-1.81,-2.81,-4.01,-5.31,-6.51,-7.51,-8.61,-8.41,-9.51,-9.81,-10.41,-9.81,-9.41,-10.71,-11.01,-8.01,7.09,10.69,8.59,7.99,7.39,6.39,6.29,6.09,5.39,4.49,3.69,1.89,-1.11,-0.91,-1.61,-2.21,-3.01,-4.41,-5.81,-6.31,-7.01,-8.41,-9.61,-9.31,-9.31,-9.41,-10.11,-9.31,-6.41,-5.21,-3.91,-2.31,0.39,0.29,0.19,0.89,1.39,-0.11,-0.21,1.39,1.69,0.09,0.69,0.59,-0.61
-8.21,-8.51,-0.51,12.09,11.49,12.49,10.29,9.19,7.99,8.49,8.69,8.19,7.89,7.49,6.79,6.09,4.69,2.59,0.69,-1.11,-2.31,-4.21,-5.21,-5.81,-6.41,-7.61,-8.81,-9.71,-9.91,-9.61,-9.51,-10.41,-11.21,-11.01,-10.41,-1.01,7.59,8.79,8.19,7.29,5.99,6.49,6.49,6.19,4.89,4.19,2.49,-0.31,-1.01,-1.61,-1.81,-3.21,-3.91,-5.01,-5.71,-6.81,-7.91,-9.51,-10.41,-9.71,-11.01,-10.11,-8.51,-8.31,-5.31,-3.71,-1.51,2.19,2.29,2.49,1.39,4.49,4.39,1.19,1.19,1.59,0.69,0.49,0.49,-1.11,0.29
-11.31,-7.71,12.39,11.89,11.29,11.19,7.89,7.89,7.49,8.09,8.19,7.59,6.89,5.89,5.09,4.29,3.09,1.09,-0.31,-0.11,-1.51,-2.91,-2.91,-3.01,-3.61,-6.31,-7.61,-8.61,-9.61,-9.91,-10.91,-11.01,-11.71,-10.91,-8.31,5.49,8.19,8.39,7.59,7.59,6.39,7.29,6.89,5.39,4.49,3.29,1.49,-0.41,-0.71,-1.31,-2.41,-3.81,-4.41,-5.11,-6.11,-7.01,-8.81,-9.81,-10.21,-10.21,-10.61,-7.81,-9.51,-8.81,-4.51,0.69,4.29,4.49,4.39,4.49,3.79,3.89,5.79,3.29,-1.71,0.19,-0.71,0.39,-0.61,-0.71,-0.61
-2.11,11.59,11.79,12.39,11.29,8.09,7.99,7.69,6.59,7.09,7.29,5.99,5.39,4.59,3.39,0.49,0.69,-0.01,0.69,-0.11,-1.51,-2.71,-3.71,-4.81,-6.31,-7.11,-8.41,-9.51,-10.01,-11.01,-11.31,-11.91,-10.91,-11.01,2.49,6.79,7.09,6.99,7.09,6.19,5.89,6.19,5.29,4.49,3.99,2.19,0.49,-0.91,-1.11,-1.71,-2.91,-4.61,-4.81,-5.31,-6.91,-8.11,-9.11,-9.91,-10.21,-10.61,-8.91,-9.01,-9.11,-7.21,-3.11,6.19,7.29,6.39,5.69,5.79,3.99,2.79,4.69,3.99,-0.21,-1.71,0.09,-1.81,0.89,-0.91,-1.31
11.79,11.69,12.59,10.99,9.29,8.69,7.99,6.99,5.49,5.29,5.29,4.49,3.39,2.69,0.59,-0.11,-0.21,0.39,-0.21,-1.21,-2.31,-2.91,-3.81,-5.61,-7.21,-9.11,-9.51,-10.01,-10.51,-11.41,-11.31,-11.11,-11.31,-9.11,3.89,5.09,4.49,5.59,6.29,6.59,5.49,5.59,5.39,3.89,3.09,1.39,0.29,-0.91,-1.81,-2.21,-2.81,-3.41,-4.61,-6.11,-7.21,-8.01,-8.71,-9.61,-10.21,-9.81,-9.01,-8.11,-7.11,-4.71,0.49,5.09,6.39,6.49,6.99,5.49,3.29,4.19,4.09,3.49,0.59,-1.61,1.49,-1.41,-2.31,1.99,1.09
12.59,12.29,10.69,9.89,8.39,7.89,6.39,5.19,4.59,3.69,3.59,2.79,1.39,0.19,-1.51,-1.91,-0.71,-0.61,-1.31,-1.61,-2.11,-3.41,-5.21,-7.31,-9.41,-9.51,-8.81,-9.01,-9.91,-9.71,-10.51,-10.71,-9.61,-6.71,1.29,1.99,5.19,5.89,5.79,6.39,6.19,5.09,4.49,2.99,2.19,0.99,0.79,-0.11,-0.81,-2.01,-3.51,-3.91,-4.81,-5.71,-6.11,-7.51,-7.91,-8.31,-7.51,-7.91,-6.51,-6.31,-4.71,-3.21,0.09,1.29,4.69,4.49,5.69,4.59,3.09,4.59,3.89,2.39,-0.41,-4.11,-7.31,-2.51,-0.61,1.79,0.49
11.99,9.89,10.19,8.09,7.79,6.19,4.99,4.09,3.29,1.69,2.29,0.99,-0.71,-2.01,-3.71,-3.41,-1.71,-2.11,-1.81,-2.01,-3.21,-4.61,-6.31,-8.01,-8.21,-8.51,-9.41,-9.41,-10.31,-10.11,-10.61,-9.11,-8.11,-6.01,-0.21,1.79,4.49,5.69,6.09,6.79,5.99,4.99,4.69,3.79,2.49,1.79,0.39,-1.21,-0.81,-1.71,-3.41,-4.41,-5.51,-5.71,-7.51,-7.61,-7.61,-7.61,-7.91,-8.11,-7.91,-7.11,-4.81,-2.71,-0.01,1.39,2.79,3.59,4.39,3.49,3.89,3.89,2.89,1.09,-1.71,-4.31,-6.71,-5.21,-2.41,-2.61,-1.01
10.79,10.49,9.09,7.19,5.99,4.69,4.29,3.49,1.59,1.19,0.69,-0.51,-2.61,-4.21,-5.51,-6.11,-4.71,-3.51,-1.91,-2.41,-3.61,-4.21,-6.51,-6.91,-8.31,-9.41,-8.91,-9.51,-9.71,-9.71,-9.71,-8.91,-7.61,-0.01,-1.51,-0.81,4.39,6.09,7.29,6.49,5.99,5.39,5.09,3.89,2.89,2.59,0.99,0.79,-1.31,-2.51,-2.81,-3.61,-4.71,-5.51,-6.21,-7.51,-6.81,-5.71,-6.81,-6.31,-5.21,-3.51,-3.41,-2.01,-0.31,0.69,0.99,4.39,2.69,0.79,3.49,3.69,2.59,0.09,-2.81,-5.31,-7.31,-8.41,-5.21,2.29,1.69
9.79,9.39,7.79,6.59,5.49,5.09,3.29,3.19,2.69,0.19,-0.81,-2.41,-3.61,-5.21,-7.11,-6.81,-6.91,-6.61,-4.61,-2.61,-2.81,-5.01,-6.51,-7.41,-8.11,-8.41,-8.91,-8.51,-9.31,-9.31,-8.71,-7.61,-3.61,-0.21,-1.31,-1.11,3.99,4.79,5.89,5.39,5.49,5.39,4.29,4.29,2.89,0.49,0.99,-1.01,-0.11,-2.31,-3.71,-4.61,-4.71,-4.21,-5.31,-5.31,-5.01,-5.71,-5.31,-4.81,-4.61,-3.71,-1.71,-1.71,-1.11,0.49,3.89,2.69,0.59,4.79,3.89,2.89,1.39,-0.81,-3.01,-4.61,-7.21,-8.01,-7.51,-2.41,1.19
9.39,7.99,6.79,5.79,4.99,4.39,3.69,2.39,0.69,-0.61,-2.01,-3.41,-5.11,-5.91,-7.71,-8.21,-8.81,-8.11,-7.11,-3.91,-2.71,-4.01,-5.91,-7.31,-8.31,-8.21,-7.91,-8.21,-8.51,-8.61,-7.31,-3.91,-3.11,0.59,-1.01,-2.01,1.89,1.89,5.19,5.69,5.69,5.89,4.39,4.49,3.39,2.49,0.49,-0.31,-1.21,-0.91,-1.81,-3.31,-3.21,-5.51,-4.81,-4.81,-3.61,-3.71,-1.91,-3.31,-2.51,-3.11,-2.61,-2.21,0.29,2.89,0.79,0.49,-1.01,3.99,2.99,2.29,1.09,-1.11,-3.41,-4.41,-5.91,-7.21,-7.11,-6.21,-4.01
7.39,6.09,4.69,3.99,4.79,4.49,3.89,2.19,0.79,-2.21,-3.21,-4.31,-5.41,-6.41,-8.31,-8.81,-10.21,-10.01,-9.41,-8.11,-0.41,-2.21,-4.91,-6.41,-7.21,-7.81,-6.61,-6.91,-7.11,-7.31,-5.71,-4.11,-1.61,-1.51,-2.11,-1.81,-1.31,3.19,4.69,5.59,5.59,4.89,5.19,4.59,4.09,3.19,2.49,-0.11,-1.91,-1.61,-2.61,-3.51,-4.21,-4.91,-4.51,-4.01,-4.71,-3.31,-3.91,-4.61,-4.51,-2.81,-2.31,2.39,1.79,0.49,-0.31,-1.51,2.99,3.19,3.29,2.59,0.89,-1.01,-3.11,-4.91,-6.31,-6.91,-6.21,-6.71,-5.81
5.39,4.49,4.49,4.49,3.59,3.59,3.19,1.39,-0.41,-2.31,-3.91,-5.11,-6.11,-6.81,-8.31,-9.21,-10.31,-10.61,-11.31,-8.81,-5.81,1.49,-3.11,-5.71,-6.11,-7.11,-6.51,-7.51,-6.71,-5.91,-4.81,-4.11,-3.01,-2.91,-4.21,-2.61,1.19,3.59,4.09,4.99,4.99,4.49,4.39,3.99,4.09,3.49,3.19,1.69,-0.51,-2.11,-1.71,-2.21,-2.81,-3.41,-3.91,-4.01,-3.71,-3.91,-4.81,-3.81,-3.91,-2.91,1.69,0.19,-1.21,-1.21,-2.51,1.89,3.19,2.89,2.59,1.99,0.79,-1.81,-3.41,-4.61,-4.91,-5.71,-6.61,-6.11,-5.51
4.49,4.89,4.39,3.79,3.69,3.39,2.49,1.09,-1.01,-2.21,-4.71,-5.71,-6.41,-7.41,-8.51,-9.21,-9.81,-10.11,-9.91,-9.61,-6.61,0.19,-3.21,-6.71,-6.01,-6.71,-7.21,-6.01,-5.31,-4.81,-4.71,-4.01,-3.61,-3.61,-2.71,-0.51,2.39,3.49,4.49,4.69,4.69,4.79,3.89,3.59,4.29,2.89,1.89,1.99,1.49,0.99,1.89,-2.11,-1.81,-3.81,-4.21,-3.61,-4.21,-4.21,-4.11,-3.31,1.39,0.59,-1.11,-2.91,-3.11,-2.91,0.39,1.69,2.49,2.69,2.19,2.09,0.79,-1.51,-3.41,-4.71,-5.11,-4.81,-5.31,-5.01,-6.41
4.49,4.69,4.19,3.69,3.49,2.39,1.19,-0.01,-1.91,-2.81,-4.71,-6.21,-6.71,-7.41,-7.91,-9.01,-9.31,-9.61,-9.81,-8.91,-7.41,-3.41,-5.71,-6.81,-7.71,-6.51,-6.01,-6.51,-6.11,-7.41,-4.81,-1.11,-1.31,-1.11,0.09,2.59,3.59,4.29,4.99,3.99,3.39,5.09,5.09,3.69,4.09,2.89,2.19,1.39,0.29,-0.51,-0.01,0.69,0.89,0.09,0.79,0.19,1.59,1.09,-0.11,-0.61,-2.51,-3.31,-4.51,-4.81,-2.41,-0.21,0.79,1.09,1.09,1.69,1.69,1.59,0.09,-1.01,-2.41,-3.11,-4.51,-4.41,-4.51,-5.31,-4.91
4.39,3.59,3.39,3.69,2.79,1.49,0.09,-1.21,-2.01,-3.31,-4.11,-4.71,-5.81,-6.91,-7.81,-8.31,-8.51,-8.81,-9.51,-7.21,-4.81,-5.41,-6.01,-7.31,-7.61,-4.91,-5.21,-7.01,-7.41,-9.41,1.89,2.79,-0.21,-1.01,0.79,2.09,2.59,2.89,3.69,4.09,3.99,3.99,4.49,4.99,3.99,3.09,3.09,2.09,1.09,0.79,0.19,-0.41,-0.61,-0.11,-0.41,-1.61,-1.91,-2.41,-3.31,-3.21,-4.31,-5.01,-5.01,-3.01,1.19,-0.11,-0.61,0.19,0.59,1.39,1.19,1.09,0.19,-1.41,-1.91,-2.81,-3.41,-4.91,-4.61,-3.11,-3.81
3.49,3.19,3.09,2.39,1.69,0.19,-0.71,-1.91,-2.61,-3.31,-3.81,-4.51,-5.31,-5.91,-6.61,-7.41,-7.91,-7.71,-6.41,-6.01,-6.51,-7.71,-8.61,-8.31,-7.31,-6.81,-8.11,-7.61,-6.81,-4.11,-1.51,0.79,-1.21,0.79,2.49,2.29,2.59,4.39,3.49,3.19,3.09,3.09,4.19,4.29,4.39,3.79,3.09,1.59,1.29,1.09,0.39,-0.41,-0.31,-1.11,-1.81,-3.11,-2.31,-2.81,-3.01,-4.11,-4.71,-4.51,-3.21,-0.41,0.99,-1.01,-1.71,-0.61,0.19,0.89,2.09,0.59,-0.21,-0.91,-1.71,-2.51,-3.31,-4.01,-4.71,-5.31,-5.31
3.59,2.99,2.29,1.39,0.09,-0.51,-1.11,-2.71,-2.71,-3.11,-3.51,-4.21,-5.41,-6.01,-6.31,-6.61,-7.71,-7.71,-8.21,-7.41,-8.91,-8.31,-8.11,-7.41,-7.41,-8.01,-6.81,-6.21,-3.41,-1.71,-1.61,-0.31,1.59,3.19,2.79,2.89,1.59,3.99,2.09,1.29,1.39,3.59,5.09,4.79,4.19,4.69,4.09,3.09,1.99,1.39,0.69,-0.81,-1.21,-1.11,-2.51,-1.31,-1.71,-2.81,-4.11,-4.61,-4.41,-4.11,-3.21,-1.11,-1.71,-2.21,-1.81,-0.31,1.09,0.79,0.79,0.49,-0.41,-1.01,-2.11,-3.31,-4.11,-4.11,-4.11,-4.51,-5.21
2.49,2.09,0.69,0.79,-0.31,-1.31,-1.61,-1.81,-2.71,-2.91,-3.51,-4.21,-4.61,-5.41,-6.11,-7.01,-7.01,-7.61,-7.31,-8.51,-8.21,-7.01,-7.71,-8.21,-6.71,-6.01,-5.91,-3.01,-2.81,-2.81,-3.41,0.69,3.29,2.99,3.49,2.29,2.99,2.09,1.39,0.99,1.79,4.19,4.99,4.39,4.99,5.89,4.79,3.49,1.29,-0.21,-0.41,-0.41,-0.71,-1.71,-3.01,-3.71,-3.81,-3.61,-3.31,-3.91,-3.41,-3.91,-3.01,-1.81,-2.71,-2.51,-1.81,-0.31,0.29,0.09,0.99,-0.31,-0.91,-1.41,-1.91,-2.71,-3.81,-4.21,-4.71,-5.31,-5.31
0.49,0.39,0.19,-0.61,-0.41,-1.11,-1.91,-3.01,-2.81,-3.61,-4.21,-4.31,-5.31,-5.51,-6.01,-6.01,-7.21,-7.51,-8.71,-8.21,-8.01,-7.31,-8.51,-6.61,-6.31,-5.61,-5.11,-4.11,-4.21,-2.51,-3.51,2.19,5.89,6.29,3.49,2.79,2.29,0.29,0.29,1.29,0.99,4.69,8.39,8.69,5.99,4.49,3.69,2.39,0.69,-1.11,-0.81,-2.41,-2.81,-2.51,-2.91,-2.81,-2.11,-0.31,-1.91,-2.71,-3.91,-2.21,-2.61,-2.81,-2.31,-2.31,-2.11,-0.91,0.19,0.19,-0.61,-0.71,-1.61,-2.21,-2.51,-2.61,-4.21,-4.41,-3.91,-4.11,-5.31
0.39,-0.61,-0.61,-1.31,-1.61,-1.21,-1.61,-3.11,-3.61,-4.11,-3.71,-4.21,-4.61,-5.31,-6.41,-6.61,-6.91,-8.21,-8.71,-6.61,-7.51,-7.91,-7.51,-6.01,-5.11,-6.31,-5.61,-5.51,-2.51,-4.51,-1.31,3.69,6.49,5.89,4.69,3.69,2.09,1.49,1.99,1.19,-0.21,2.69,7.29,7.49,7.29,5.99,3.69,2.69,0.69,-1.31,-1.01,-0.71,-0.91,-1.31,-1.81,-0.21,-0.71,-1.51,-2.01,-2.91,-2.81,-2.41,-2.91,-2.01,-2.11,-2.71,-2.11,-0.61,0.49,-0.31,-1.01,-1.01,-1.01,-1.61,-2.01,-2.71,-3.31,-3.21,-4.61,-4.91,-5.91
-1.01,-1.11,-1.51,-1.11,-1.81,-2.51,-2.01,-2.61,-3.91,-3.91,-4.51,-4.61,-5.51,-5.81,-6.21,-6.21,-6.21,-8.31,-5.91,-7.81,-9.31,-8.21,-7.31,-6.51,-5.51,-5.61,-6.21,-5.01,-4.71,-2.41,3.79,5.79,5.89,4.49,4.19,3.59,2.59,1.99,0.79,1.69,2.59,1.89,4.69,6.99,7.09,6.19,5.09,0.09,0.59,-0.01,-0.01,-1.11,-0.71,-0.01,-0.11,-1.11,-1.61,-2.41,-2.81,-2.71,-3.21,-3.71,-2.51,-2.31,-3.41,-3.21,-1.81,-1.51,-1.01,-0.81,-0.31,-0.61,-0.81,-1.31,-2.81,-3.41,-3.41,-3.81,-4.41,-5.51,-5.41
-2.11,-2.01,-2.21,-2.01,-1.71,-1.71,-2.11,-2.21,-3.41,-2.41,-3.11,-5.21,-5.91,-5.11,-4.31,-5.41,-5.31,-6.41,-6.21,-5.41,-4.81,-6.61,-5.81,-5.71,-5.21,-5.81,-6.01,-4.51,-1.31,2.29,4.89,4.49,4.29,3.79,3.09,2.69,4.09,2.79,2.09,2.19,3.29,4.89,-3.41,5.59,1.89,-0.41,-2.21,0.59,0.69,0.19,-0.51,-1.51,-0.61,-0.81,-0.61,-1.11,-3.01,-1.11,-1.21,-2.11,-1.61,-0.71,-1.61,-3.31,-3.31,-3.21,-2.41,-2.91,-1.61,-0.71,-0.41,-0.21,-0.61,-0.51,-1.11,-1.71,-2.61,-3.11,-4.11,-4.21,-5.11
-2.41,-2.81,-2.61,-3.81,-4.21,-3.51,-2.91,-3.21,-3.01,-3.91,-3.31,-3.61,-3.11,-3.91,-4.81,-5.51,-6.41,-6.91,-6.81,-7.71,-7.41,-7.61,-5.91,-4.91,-5.51,-5.51,-4.71,-1.51,1.19,2.39,2.79,3.39,2.39,2.59,2.69,1.39,-0.91,-0.01,0.39,3.09,3.39,3.49,4.09,-0.61,2.69,0.69,0.29,-0.31,-1.01,-0.81,-0.31,0.19,-0.71,-0.61,-1.21,-1.61,-0.41,-1.01,-2.01,-1.61,-2.41,-2.81,-3.31,-4.61,-5.11,-3.21,-2.51,-2.31,-1.21,-0.11,-0.01,-0.41,-0.61,-0.51,-0.91,-0.81,-2.11,-1.91,-2.01,-3.31,-4.11
