gfs.json
{"header": {"discipline": 0, "disciplineName": "Meteorological products", "gribEdition": 2, "center": "kwbc", "centerName": "US National Weather Service - NCEP(WMC)", "subcenter": 0, "refTime": "2026-04-07T18:00:00.000Z", "significanceOfRT": 1, "significanceOfRTName": "Start of forecast", "productStatus": 0, "productStatusName": "Operational products", "productType": 1, "productTypeName": "Forecast products", "productDefinitionTemplate": 0, "productDefinitionTemplateName": "Analysis/forecast at horizontal level/layer at a point in time", "parameterCategory": 2, "parameterCategoryName": "Momentum", "parameterNumber": 2, "parameterNumberName": "U-component_of_wind", "parameterUnit": "m.s-1", "genProcessType": 2, "genProcessTypeName": "Forecast", "forecastTime": 0, "surface1Type": "sfc", "surface1TypeName": "Unknown", "surface1Value": 10, "surface2Type": 255, "surface2TypeName": "Missing", "surface2Value": 0, "gridDefinitionTemplate": 0, "gridDefinitionTemplateName": "Latitude_Longitude", "numberPoints": 65160, "shape": 6, "shapeName": "Earth spherical with radius of 6,371,229.0 m", "gridUnits": "degrees", "resolution": 48, "winds": "true", "scanMode": 0, "nx": 360, "ny": 181, "basicAngle": 0, "subDivisions": 0, "lo1": 0.0, "la1": 90.0, "lo2": 359.0, "la2": -90.0, "dx": 1.0, "dy": 1.0}, "data":
[rows 105 to 139 of 181, columns 237 to 315 of 360]
-5.01,-6.11,-5.61,-4.21,-7.91,-6.61,-6.21,-6.21,-5.61,-6.41,-8.21,-7.21,-6.51,-7.91,-7.61,-7.51,-6.61,-7.61,-8.31,-9.31,-9.01,-9.01,-9.31,-9.51,-9.71,-9.11,-8.61,-8.61,-8.41,-8.51,-8.21,-7.61,-7.21,-7.21,-7.11,-6.71,-6.81,-7.01,-8.01,-7.11,-6.31,-5.61,-4.51,-4.81,-5.11,-4.11,-2.51,-2.31,1.49,3.09,1.89,0.59,2.59,1.59,-2.31,-1.21,0.39,0.39,0.19,0.79,0.29,0.89,-0.21,1.49,-0.51,-1.91,0.09,1.09,-1.01,-1.01,-1.71,0.89,-2.01,-1.21,-1.21,-2.11,-0.51,-1.81,-3.11
-5.11,-5.51,-5.31,-4.91,-5.11,-6.61,-6.41,-5.41,-5.61,-6.31,-7.41,-7.41,-5.91,-8.31,-8.31,-8.51,-8.81,-8.61,-8.51,-9.91,-8.81,-9.21,-9.71,-9.41,-9.21,-9.11,-9.31,-8.41,-9.21,-8.21,-7.91,-8.01,-8.01,-7.41,-7.51,-6.91,-6.61,-6.91,-7.11,-6.81,-7.81,-7.41,-6.21,-4.21,-4.91,-4.81,-4.51,-3.21,-2.71,-0.51,3.19,0.69,0.29,-0.91,2.09,-1.01,-0.51,0.09,0.09,0.49,0.49,2.19,-1.01,1.09,1.09,1.19,0.79,1.19,2.29,0.19,-1.21,0.09,-0.51,-1.91,-0.31,-2.31,-1.91,-1.21,-2.61
-3.91,-3.81,-4.31,-4.31,-4.51,-6.21,-6.51,-4.91,-4.81,-6.21,-7.21,-7.51,-7.51,-8.31,-9.11,-8.51,-9.01,-9.41,-8.81,-9.01,-8.91,-9.51,-9.31,-8.91,-8.61,-9.51,-9.11,-8.41,-8.91,-8.61,-8.61,-8.21,-7.41,-7.61,-7.31,-7.21,-7.11,-7.41,-6.61,-6.91,-6.91,-6.51,-6.21,-6.11,-4.61,-4.71,-4.41,-4.71,-1.81,-2.31,-1.91,-0.61,1.79,-0.41,-0.81,-3.91,-0.01,-1.21,0.49,0.19,0.19,2.09,2.59,1.99,0.89,2.49,1.19,2.49,2.69,-0.61,0.39,-0.31,-0.41,-1.81,-0.61,-2.11,-2.51,-2.21,-1.91
-3.51,-3.21,-3.11,-4.41,-4.31,-4.51,-5.21,-5.41,-5.11,-5.81,-7.21,-7.91,-8.41,-8.21,-9.11,-8.51,-8.91,-9.51,-8.41,-9.61,-9.51,-10.01,-8.61,-9.11,-9.61,-9.61,-9.11,-8.91,-8.51,-8.71,-8.91,-8.41,-8.11,-8.41,-7.71,-7.91,-7.81,-7.51,-7.41,-7.31,-7.01,-6.61,-6.51,-6.51,-5.61,-4.31,-4.41,-4.41,-4.31,-3.51,-2.51,-2.01,-0.91,4.09,1.09,1.79,2.69,-1.91,-4.31,-1.01,-0.41,1.89,1.39,2.79,1.39,0.39,1.09,1.39,0.89,3.09,0.59,0.29,-1.21,-1.91,0.19,-0.71,-2.11,-0.01,1.19
-3.01,-2.11,-2.41,-3.61,-3.41,-3.91,-4.81,-4.61,-4.51,-5.91,-7.61,-7.61,-7.71,-9.01,-8.81,-8.11,-8.61,-8.51,-8.51,-9.01,-9.41,-9.31,-9.31,-8.91,-9.81,-10.01,-9.81,-9.21,-9.51,-8.81,-8.51,-8.91,-9.01,-8.01,-8.21,-8.81,-8.11,-7.71,-7.21,-7.31,-7.21,-7.11,-6.81,-6.51,-6.41,-5.61,-4.61,-3.71,-2.91,-2.31,-1.41,-0.41,-1.11,5.09,4.59,1.59,-2.61,1.79,-1.41,-1.71,-1.01,0.49,3.19,3.89,3.09,-0.01,0.49,1.29,2.59,1.69,2.09,-0.01,-3.51,-0.71,-0.11,-0.51,-1.21,-1.81,-1.11
-3.51,-2.61,-3.01,-2.51,-2.81,-2.91,-3.71,-4.11,-4.01,-5.11,-7.21,-7.61,-7.01,-8.41,-8.11,-8.11,-8.01,-8.41,-8.41,-8.81,-8.81,-9.31,-9.61,-9.51,-9.61,-10.01,-8.91,-9.51,-9.51,-9.61,-9.01,-8.51,-8.81,-8.71,-8.81,-8.41,-7.91,-7.51,-7.31,-7.51,-7.21,-6.81,-6.31,-6.41,-5.91,-5.81,-5.61,-4.51,-3.11,-1.31,0.39,0.99,0.89,3.59,4.79,0.39,5.09,2.59,-2.81,-0.21,0.69,1.49,2.49,4.59,2.49,4.79,0.59,2.89,2.19,2.99,3.09,2.99,1.19,-0.91,-0.81,-0.21,-0.81,-1.81,-0.11
-4.21,-4.11,-2.61,-1.91,-2.31,-2.41,-3.11,-3.81,-4.41,-5.01,-7.21,-6.81,-6.51,-7.71,-7.21,-8.01,-8.31,-8.11,-8.61,-8.41,-9.21,-8.91,-8.91,-9.61,-9.81,-9.71,-8.91,-9.51,-9.51,-9.11,-9.21,-9.31,-9.11,-9.71,-8.81,-8.71,-8.11,-8.01,-7.21,-7.11,-7.01,-6.51,-5.91,-5.61,-6.21,-5.61,-4.81,-4.21,-3.01,-1.81,-0.21,1.29,0.99,3.69,4.19,1.79,5.59,7.69,-5.31,0.29,1.59,2.39,3.79,6.59,4.19,3.79,1.49,3.79,4.19,3.79,3.19,2.19,-1.11,-0.31,1.09,-0.31,1.29,-0.31,-1.01
-3.61,-2.91,-3.11,-2.41,-2.41,-1.71,-2.81,-3.61,-4.01,-4.71,-6.21,-6.51,-6.71,-7.61,-7.41,-7.71,-8.11,-7.51,-8.01,-8.61,-8.81,-7.11,-9.21,-9.01,-10.21,-8.91,-8.61,-9.61,-9.01,-9.31,-9.31,-9.31,-9.51,-9.11,-9.11,-8.91,-8.21,-7.91,-7.21,-7.41,-6.81,-6.21,-6.01,-5.71,-5.41,-4.81,-4.61,-3.81,-3.11,-2.11,-0.81,0.59,0.89,3.69,6.59,4.39,4.39,1.99,-2.21,1.09,1.69,2.29,3.59,4.19,3.69,1.89,4.69,0.69,2.89,4.29,0.69,0.59,0.29,1.39,1.49,2.19,0.19,-0.51,-0.21
-2.71,-2.51,-2.71,-2.81,-3.21,-1.81,-4.01,-3.21,-4.71,-4.51,-5.41,-6.61,-6.41,-7.61,-7.21,-6.81,-7.41,-7.71,-8.71,-8.31,-8.21,-7.51,-9.81,-9.91,-9.91,-8.71,-8.91,-9.51,-9.81,-9.61,-9.31,-9.21,-9.21,-9.01,-9.21,-8.61,-8.71,-8.41,-7.91,-6.91,-6.61,-6.41,-5.91,-6.01,-5.21,-4.51,-4.01,-3.21,-2.41,-1.41,-0.71,0.49,1.29,5.39,6.69,2.59,6.19,-4.31,-2.31,-0.51,1.69,1.69,2.09,2.19,1.99,2.49,5.29,1.39,3.89,1.29,1.39,1.79,0.49,1.79,3.99,-0.91,1.29,0.19,-0.41
-2.51,-2.31,-1.61,-3.21,-2.31,-1.61,-2.51,-3.21,-4.11,-4.91,-5.21,-6.31,-6.31,-6.71,-6.81,-7.11,-7.31,-8.11,-8.41,-8.71,-7.41,-9.01,-10.41,-9.41,-9.11,-9.21,-9.11,-9.51,-9.81,-9.51,-9.21,-8.61,-8.61,-8.71,-8.51,-8.41,-8.41,-8.31,-7.61,-6.91,-6.41,-5.81,-5.81,-5.21,-4.81,-4.81,-3.51,-2.91,-2.11,-0.91,-0.01,0.79,1.39,3.59,6.99,4.59,1.09,2.39,-0.91,-1.61,0.79,1.09,1.69,2.49,2.79,2.89,2.99,4.29,2.79,1.39,2.59,-0.01,1.19,0.19,2.59,-0.61,0.09,-5.01,-5.01
-2.21,-1.81,-1.71,-2.81,-4.31,-3.81,-4.61,-3.41,-3.61,-5.61,-5.31,-5.51,-5.11,-5.61,-6.91,-6.31,-8.01,-8.21,-7.61,-7.61,-7.11,-10.31,-10.01,-8.81,-8.31,-8.81,-9.01,-9.41,-9.71,-9.21,-9.01,-8.61,-8.21,-8.71,-8.51,-8.71,-8.11,-8.51,-7.11,-7.01,-6.21,-6.01,-5.41,-5.31,-4.61,-4.11,-3.31,-2.51,-1.71,-0.71,0.89,1.29,0.89,0.49,6.69,7.99,8.69,1.39,0.49,-0.91,1.29,2.19,1.29,2.69,3.19,3.29,2.39,3.89,3.89,4.79,-0.01,0.69,1.39,1.39,1.39,-2.61,-6.01,-5.91,-7.21
-2.11,-2.11,-1.61,-1.81,-4.21,-5.91,-7.01,-5.81,-1.21,-5.61,-5.31,-5.91,-5.31,-6.51,-6.71,-6.01,-8.51,-7.51,-7.41,-8.41,-6.91,-9.71,-8.71,-8.51,-8.71,-9.11,-8.41,-8.81,-9.21,-8.51,-8.61,-8.41,-8.11,-8.41,-8.01,-7.81,-8.31,-7.31,-7.11,-6.51,-6.31,-6.11,-5.31,-5.21,-4.61,-3.71,-2.81,-2.11,-1.31,-0.61,0.99,1.29,1.59,4.99,6.69,9.09,7.39,-3.11,0.39,0.69,2.29,2.29,2.09,3.49,3.09,3.09,2.89,2.59,5.19,1.39,2.09,1.29,1.59,1.19,-0.01,-5.01,-4.51,-4.31,-5.21
-3.61,-1.31,-1.31,-1.31,-3.81,-7.41,-5.11,-2.31,-2.81,-6.21,-5.91,-5.91,-5.31,-6.61,-6.41,-6.61,-7.11,-7.71,-8.01,-8.31,-8.71,-9.01,-8.71,-8.41,-7.41,-8.11,-8.41,-9.81,-8.21,-9.01,-8.01,-8.21,-7.71,-7.81,-7.71,-7.71,-7.41,-7.31,-6.91,-6.41,-5.71,-5.21,-5.01,-5.01,-4.11,-3.61,-2.31,-1.61,-1.11,-0.21,1.29,1.99,1.99,4.59,8.59,0.69,-2.21,2.89,-1.11,1.69,1.59,3.49,3.19,3.79,5.09,5.69,4.49,3.19,3.99,1.69,1.59,1.19,0.69,0.59,-1.51,-2.21,-2.61,-3.51,-5.61
-3.41,-3.41,-3.31,-1.41,-3.61,-5.91,-1.41,-2.91,-6.51,-6.41,-6.01,-5.61,-6.41,-6.71,-5.91,-5.71,-7.51,-7.71,-7.61,-8.51,-9.11,-7.91,-8.11,-8.01,-7.61,-8.71,-8.01,-8.61,-8.81,-8.51,-8.11,-8.21,-7.91,-7.61,-7.71,-7.41,-7.41,-7.11,-6.81,-6.11,-6.01,-5.01,-4.61,-4.31,-3.61,-3.11,-2.41,-1.01,-0.51,0.19,1.39,1.99,3.39,4.39,6.99,-3.41,-2.21,0.99,0.59,1.29,1.29,3.69,3.09,2.99,5.89,5.69,5.89,4.19,1.49,5.89,3.99,2.69,-1.81,-0.41,0.39,-2.11,-3.91,-6.11,-7.21
-2.91,-1.31,-2.31,-1.61,-1.71,-5.21,-6.51,-6.51,-6.81,-6.31,-6.81,-6.11,-7.31,-6.61,-5.71,-5.81,-8.41,-7.91,-8.11,-7.61,-7.81,-7.71,-8.41,-7.91,-8.01,-7.51,-8.51,-8.01,-8.31,-8.11,-8.51,-8.31,-8.01,-8.21,-7.71,-7.81,-7.31,-7.01,-6.51,-6.11,-6.11,-5.61,-5.41,-4.51,-3.31,-2.81,-1.81,-1.01,-0.21,0.79,0.99,1.49,5.29,3.29,-0.71,3.29,-2.81,1.79,2.99,3.39,1.29,2.39,4.09,4.69,5.19,6.89,6.49,7.39,4.79,9.79,2.29,1.39,-0.81,1.29,-11.21,-4.21,-5.21,-7.61,-7.71
-3.11,-2.81,-0.81,-3.71,-4.51,-3.81,-5.81,-6.11,-6.41,-6.71,-6.71,-6.61,-6.71,-6.31,-6.21,-6.41,-8.11,-7.41,-6.11,-6.81,-7.41,-7.91,-7.71,-7.51,-7.41,-7.31,-7.61,-7.31,-8.11,-8.51,-8.31,-7.91,-8.31,-7.81,-7.31,-7.61,-7.61,-6.91,-6.91,-6.51,-6.21,-5.91,-5.11,-4.61,-4.11,-2.81,-2.01,-1.31,-0.51,0.39,1.39,3.19,3.89,3.99,-1.21,0.79,-1.31,0.39,5.19,-1.11,1.49,3.69,3.99,4.39,4.59,5.89,6.59,4.59,3.59,2.89,1.79,0.59,-2.91,-6.81,-7.21,-6.41,-6.81,-7.01,-7.21
-3.01,-3.21,-5.01,-3.71,-3.21,-3.81,-5.81,-5.61,-5.51,-6.11,-5.81,-6.21,-6.61,-6.71,-6.71,-6.81,-6.51,-6.21,-5.61,-6.61,-6.41,-7.61,-7.01,-7.11,-6.21,-6.71,-6.71,-6.71,-7.61,-7.71,-7.41,-7.81,-7.61,-7.31,-7.11,-7.01,-6.71,-6.11,-6.71,-5.61,-5.51,-5.51,-5.51,-4.31,-4.11,-3.01,-2.31,-1.31,-0.51,0.79,1.29,0.99,2.99,5.09,-4.01,-0.11,-0.41,1.39,2.89,0.29,1.19,3.69,3.99,3.99,4.89,3.39,3.99,2.99,2.39,2.39,0.09,-1.01,-3.71,-4.51,-5.51,-7.41,-7.71,-7.81,-6.71
-2.01,-2.41,-3.61,-3.41,-3.81,-4.91,-4.41,-4.31,-4.61,-5.11,-5.61,-5.51,-5.91,-6.21,-6.61,-5.61,-5.11,-5.21,-5.41,-4.61,-5.61,-6.61,-6.31,-6.41,-5.81,-5.81,-5.51,-5.91,-6.41,-6.21,-6.71,-6.71,-6.71,-6.41,-6.11,-5.71,-4.91,-5.11,-4.81,-4.61,-4.11,-3.91,-4.61,-4.21,-4.01,-2.91,-2.11,-1.31,-0.51,0.89,2.29,1.49,3.69,0.59,-4.11,-2.51,1.39,-0.91,2.99,-0.61,2.19,3.69,4.19,4.69,3.99,4.59,4.29,3.59,1.79,-0.31,0.59,-2.81,-3.01,0.99,-5.61,-7.71,-8.21,-6.61,-5.91
-1.41,-0.41,-0.21,-2.61,-2.91,-2.81,-3.61,-4.31,-4.51,-4.51,-5.01,-5.01,-5.61,-5.41,-5.41,-5.41,-5.01,-5.21,-4.81,-4.51,-4.11,-4.61,-5.01,-5.41,-5.01,-4.41,-4.31,-4.51,-4.71,-4.81,-4.61,-4.71,-4.71,-4.81,-4.01,-3.61,-3.01,-3.01,-2.71,-2.41,-2.31,-1.51,-1.71,-2.91,-2.11,-2.51,-1.81,-1.21,-0.11,1.49,2.69,3.89,1.89,4.59,-3.01,-0.81,0.59,0.19,0.09,1.79,2.89,2.59,3.39,1.89,2.59,3.39,2.79,1.59,2.89,1.59,-0.61,0.19,-0.51,0.89,-7.61,-9.21,-7.91,-6.91,-5.71
0.09,0.89,1.49,-1.01,-1.41,-2.41,-2.91,-3.51,-3.61,-3.41,-3.81,-4.21,-5.31,-5.01,-5.01,-4.81,-4.61,-4.11,-4.21,-3.61,-3.11,-3.51,-3.21,-3.91,-3.31,-3.81,-2.91,-2.61,-2.81,-2.81,-2.71,-2.31,-1.91,-1.31,-1.41,-0.81,-0.51,-0.41,-0.21,-0.71,-0.21,-0.51,-0.61,-0.61,-1.61,-1.71,-1.21,0.09,1.39,1.39,2.99,5.09,2.19,3.39,0.79,-1.51,0.09,-0.11,1.09,1.19,1.49,1.79,1.69,1.69,1.29,2.59,1.29,0.69,2.89,0.99,2.59,1.69,3.49,-11.81,-10.31,-9.01,-6.51,-6.81,-6.01
0.59,1.39,1.79,0.79,-1.91,-1.61,-1.51,-1.81,-2.71,-2.81,-3.11,-3.01,-3.81,-4.01,-4.11,-4.11,-3.51,-3.11,-3.21,-2.91,-3.41,-2.71,-2.11,-1.11,-1.31,-1.51,-1.41,-1.41,-1.01,-0.61,-0.01,0.49,1.09,1.19,1.49,2.09,2.29,2.29,1.99,1.89,2.09,1.59,0.89,0.59,-0.51,0.09,0.89,0.59,0.69,2.19,4.39,2.29,2.59,0.79,-2.01,-1.01,0.19,0.79,-0.41,0.19,0.19,0.59,0.69,-0.91,0.09,-0.01,0.89,0.19,3.79,3.29,2.49,2.49,-3.61,-13.61,-11.41,-9.41,-7.81,-7.21,-6.21
0.39,0.29,0.79,0.59,-0.41,-1.41,-1.61,-0.41,-2.31,-2.91,-3.41,-3.91,-3.51,-3.81,-3.91,-3.61,-3.01,-2.91,-2.41,-2.01,-1.91,-1.41,-0.71,0.09,0.89,1.59,1.59,1.99,1.99,2.89,3.69,3.69,3.79,3.29,3.09,3.49,3.69,3.49,3.59,3.49,3.49,3.69,3.49,3.09,2.19,0.59,1.19,1.69,1.89,2.39,5.19,1.89,2.39,-0.61,0.09,-2.31,-0.41,0.89,0.09,-1.01,-0.51,-0.11,-1.31,-0.41,-1.81,-2.21,-4.11,-10.81,-10.91,-15.51,-16.51,-16.81,-16.41,-14.41,-10.41,-10.41,-8.01,-6.91,-4.61
-1.01,0.89,-1.31,-0.41,0.39,-0.81,-1.01,-2.01,-2.51,-3.01,-3.71,-4.31,-5.01,-5.11,-4.61,-4.91,-5.01,-4.61,-3.61,-2.21,-1.41,-1.41,-0.61,0.59,1.89,2.79,2.79,2.79,2.39,1.69,3.39,5.79,5.19,5.69,5.89,5.29,4.79,6.29,5.59,5.19,5.69,5.09,5.09,4.59,3.49,1.09,1.59,2.09,3.09,2.69,3.09,2.49,0.49,-2.01,-1.61,-3.31,-2.01,-0.41,0.09,-0.81,-0.21,-1.71,-1.71,-2.41,-2.61,-4.01,-2.31,-8.91,-13.51,-15.41,-16.11,-14.81,-14.31,-12.21,-9.41,-7.81,-6.21,-3.51,-3.61
-0.21,-0.21,-1.91,-2.61,-3.81,-4.21,-3.71,-3.61,-3.41,-3.41,-3.81,-4.21,-4.41,-5.11,-5.11,-4.61,-4.41,-4.31,-3.21,-2.71,-2.21,-2.11,-2.71,-2.51,-2.71,-3.41,-4.21,-3.81,-2.81,-1.81,-1.81,-3.21,-2.71,-2.81,-2.71,-2.01,0.09,0.79,1.19,4.89,6.29,6.09,6.09,3.99,3.79,1.19,1.49,2.59,1.49,1.09,-0.01,2.19,0.89,-2.31,-1.01,-3.91,-3.11,-2.01,-1.21,-0.81,-1.91,-1.71,-1.61,-2.81,-3.71,-4.41,-8.11,-9.11,-11.01,-13.61,-13.01,-11.71,-9.91,-8.51,-6.81,-5.91,-3.91,-2.91,-1.21
0.99,-0.11,-1.01,-1.91,-3.01,-3.11,-4.21,-4.11,-4.01,-4.71,-4.31,-5.11,-5.01,-4.81,-4.71,-4.31,-3.61,-4.01,-2.61,-1.71,-1.41,-2.01,-1.81,-2.41,-3.51,-4.01,-4.31,-4.11,-4.01,-3.61,-4.11,-4.51,-4.21,-3.71,-3.41,-1.81,-0.71,0.09,1.69,3.29,3.79,4.19,4.09,0.89,-1.91,0.39,1.59,1.29,0.39,0.09,1.99,2.19,1.39,-1.71,-2.71,-3.71,-3.21,-2.41,-2.11,-1.41,-1.21,-3.51,-2.71,-3.61,-5.61,-6.61,-7.21,-6.01,-5.81,-7.71,-9.31,-9.11,-7.91,-6.41,-5.31,-3.71,-2.61,-2.01,-0.81
2.49,-0.91,-1.11,-2.61,-2.21,-2.81,-3.41,-3.81,-3.61,-2.91,-4.31,-4.51,-5.01,-5.61,-5.91,-4.81,-3.41,-4.31,-4.21,-5.11,-4.71,-4.21,-2.61,-2.01,-2.81,-3.71,-3.91,-4.61,-5.31,-5.51,-4.91,-4.01,-3.41,-3.21,-2.91,-2.51,-1.81,-1.31,-0.41,0.59,-3.31,-5.61,-5.81,-3.41,-1.61,0.19,-0.51,-1.41,-0.01,2.49,0.09,1.09,-0.31,-1.71,-2.11,-3.21,-3.81,-3.11,-1.71,-1.91,-2.01,-2.71,-3.31,-4.71,-4.91,-4.91,-5.91,-5.71,-3.81,-4.31,-7.21,-8.01,-6.41,-3.81,-2.41,-0.41,1.89,0.59,0.99
1.29,-1.21,-2.41,-2.61,-3.61,-3.41,-5.01,-5.81,-3.41,-2.21,-2.01,-3.91,-4.61,-4.41,-3.91,-3.71,-3.31,-3.11,-3.71,-4.81,-5.31,-4.71,-3.91,-2.51,-2.41,-2.91,-3.51,-4.11,-3.71,-3.61,-3.41,-2.71,-2.51,-1.41,-1.11,-2.11,-1.81,-1.71,-1.51,-3.91,-4.61,-4.21,-3.41,-2.71,-2.21,-1.11,-0.11,0.29,0.39,2.09,0.79,1.59,0.19,0.69,1.49,-1.81,-1.41,-3.71,-3.11,-0.91,-3.11,-1.61,-1.71,-2.31,-2.81,-3.31,-3.01,-3.11,-4.81,-5.31,-4.61,-4.21,-2.31,-0.81,-0.41,0.79,3.09,2.59,2.29
4.59,-0.41,-0.51,-0.81,-2.51,-3.41,-5.31,-5.51,-5.41,-5.81,-5.01,-2.81,-4.31,-3.71,-2.81,-1.51,-1.01,-1.51,-1.31,-1.51,-2.41,-1.91,-2.61,-4.21,-4.61,-2.81,-2.91,-2.11,-1.51,-0.81,-1.01,0.09,0.19,-0.71,0.19,-0.51,-1.11,-1.81,-1.51,-1.91,-2.51,-2.51,-2.71,-3.01,-2.81,-2.01,-0.91,-0.11,0.69,3.59,0.69,-0.01,0.59,2.69,0.29,2.29,-2.71,-3.01,-4.11,-4.41,-0.81,0.49,-0.31,-0.91,-1.31,-1.21,-0.81,-1.41,-2.11,-0.61,0.99,2.09,2.69,3.89,3.89,3.99,4.89,4.39,3.49
3.79,2.99,2.79,1.89,1.39,-0.51,-0.81,-1.31,-2.11,-1.81,-1.41,-2.51,-1.91,-3.01,-0.21,0.89,1.29,1.79,1.19,2.39,1.79,1.89,0.09,-0.21,-0.81,-0.01,1.49,1.59,1.39,1.59,2.39,2.69,2.29,2.79,1.19,1.19,0.59,0.49,-0.51,-1.11,-2.21,-2.21,-1.91,-1.91,-1.11,-0.71,-0.21,0.49,1.69,1.59,2.89,1.19,1.99,2.39,0.49,-3.51,-3.31,-3.91,-4.41,-5.01,-5.81,-6.11,-5.21,-3.61,-1.01,1.39,2.09,3.19,3.39,3.29,3.39,3.59,4.49,5.29,5.99,5.99,5.29,6.39,6.49
2.59,3.49,3.39,3.39,2.99,2.09,1.89,1.29,1.29,1.49,1.69,1.69,2.49,2.49,3.39,3.39,4.09,4.19,3.79,4.29,4.59,4.19,3.69,3.19,2.79,3.79,4.39,4.09,3.89,3.49,4.29,3.99,3.69,3.69,3.59,2.59,2.99,3.09,1.99,1.69,1.39,1.19,0.89,0.69,0.69,0.49,0.59,1.39,2.49,4.59,1.89,1.79,1.59,2.39,-1.11,-2.01,-2.81,-2.21,-3.11,-4.51,-5.61,-6.01,-5.81,-5.51,-3.71,-3.21,-0.91,2.19,4.39,6.19,5.79,6.49,6.79,6.69,6.39,6.89,6.59,5.69,7.09
2.49,2.49,3.59,5.49,4.69,4.79,4.09,3.89,3.49,3.59,4.09,4.49,4.69,4.79,4.69,5.69,5.49,5.29,5.59,5.39,5.89,5.99,5.79,5.99,5.79,5.99,5.99,6.19,6.29,5.89,6.29,6.19,5.39,5.79,5.59,4.99,4.89,4.99,3.99,3.79,3.69,3.39,3.19,3.09,2.59,2.09,1.49,1.89,2.59,0.79,1.39,1.89,-0.31,2.19,0.39,0.39,1.59,-4.01,-1.81,-2.91,-3.81,-4.41,-4.51,-3.91,-2.51,-2.51,-1.61,-1.21,-0.31,2.29,2.89,6.69,8.49,7.99,8.09,8.49,7.99,8.29,7.89
3.99,7.29,3.99,6.89,5.29,5.19,4.99,4.79,5.39,5.59,6.19,5.69,6.19,6.39,7.29,7.19,7.49,7.69,7.59,7.89,7.79,7.59,7.49,8.09,7.69,7.39,7.89,7.99,7.79,7.39,7.49,6.99,6.89,7.29,7.39,7.09,7.59,6.89,6.49,5.89,5.39,5.29,5.29,4.49,4.49,3.79,2.39,1.69,1.79,-0.01,0.49,1.79,4.39,3.39,0.99,4.59,-3.91,-1.81,-0.81,-1.11,-1.71,-2.31,-2.81,-2.21,-1.81,-1.51,-1.11,-0.81,0.39,1.59,3.59,4.69,6.89,6.59,7.99,10.39,10.39,9.89,9.59
7.59,6.19,5.69,6.09,5.39,6.49,6.39,6.09,5.59,6.69,6.49,6.49,6.49,6.99,7.59,7.89,6.59,7.99,7.99,7.69,8.19,8.69,8.89,8.99,8.99,9.09,9.39,8.89,8.69,8.69,8.49,7.99,7.89,8.39,8.29,8.39,8.09,7.99,7.69,7.89,7.29,7.19,6.69,6.59,6.19,5.49,4.59,2.19,2.09,0.69,1.09,2.99,-2.41,2.69,1.99,4.09,0.59,1.79,0.79,0.59,0.89,0.19,-0.71,-0.31,0.09,0.29,0.99,1.29,1.59,1.99,2.39,3.49,5.39,6.39,6.79,7.79,8.09,8.09,10.99
6.89,8.19,8.89,7.59,5.89,6.79,7.29,6.89,6.49,7.59,7.09,7.39,7.99,7.99,8.39,8.49,8.69,8.19,7.89,7.49,7.79,7.79,7.99,8.49,8.69,8.89,9.49,8.89,8.99,9.19,8.59,8.09,8.79,8.99,8.69,8.49,8.09,8.09,8.19,7.99,7.99,8.09,7.99,7.39,6.89,6.19,5.39,4.69,2.69,1.19,2.19,4.39,3.99,4.69,4.09,0.49,3.09,3.19,1.59,3.09,3.69,3.99,3.39,2.99,2.89,3.19,3.69,3.49,3.39,3.29,2.89,2.89,2.99,1.99,3.89,5.39,5.79,6.69,8.39
9.39,7.79,7.29,7.79,7.29,7.89,8.99,9.19,7.39,6.89,8.49,7.29,8.99,9.59,8.39,8.69,8.49,8.79,8.99,9.19,9.69,9.19,9.09,9.29,9.69,9.89,9.89,9.69,9.49,9.59,9.19,9.09,9.49,9.49,9.29,9.19,8.99,8.99,9.09,8.99,8.79,8.49,8.59,8.09,7.59,6.99,6.39,4.99,1.09,-0.41,3.19,3.89,-0.21,0.89,1.49,0.19,-0.71,3.99,2.09,4.19,5.09,5.79,5.99,5.79,5.59,6.09,6.09,5.89,5.39,5.49,5.19,4.49,3.79,3.09,2.89,2.09,2.49,3.69,4.09
