gfs.json
{"header": {"discipline": 0, "disciplineName": "Meteorological products", "gribEdition": 2, "center": "kwbc", "centerName": "US National Weather Service - NCEP(WMC)", "subcenter": 0, "refTime": "2026-04-13T06:00:00.000Z", "significanceOfRT": 1, "significanceOfRTName": "Start of forecast", "productStatus": 0, "productStatusName": "Operational products", "productType": 1, "productTypeName": "Forecast products", "productDefinitionTemplate": 0, "productDefinitionTemplateName": "Analysis/forecast at horizontal level/layer at a point in time", "parameterCategory": 2, "parameterCategoryName": "Momentum", "parameterNumber": 2, "parameterNumberName": "U-component_of_wind", "parameterUnit": "m.s-1", "genProcessType": 2, "genProcessTypeName": "Forecast", "forecastTime": 0, "surface1Type": "sfc", "surface1TypeName": "Unknown", "surface1Value": 10, "surface2Type": 255, "surface2TypeName": "Missing", "surface2Value": 0, "gridDefinitionTemplate": 0, "gridDefinitionTemplateName": "Latitude_Longitude", "numberPoints": 65160, "shape": 6, "shapeName": "Earth spherical with radius of 6,371,229.0 m", "gridUnits": "degrees", "resolution": 48, "winds": "true", "scanMode": 0, "nx": 360, "ny": 181, "basicAngle": 0, "subDivisions": 0, "lo1": 0.0, "la1": 90.0, "lo2": 359.0, "la2": -90.0, "dx": 1.0, "dy": 1.0}, "data":
[rows 0 to 34 of 181, columns 237 to 315 of 360]
1.12,1.12,1.22,1.22,1.32,1.32,1.32,1.42,1.42,1.42,1.52,1.52,1.62,1.62,1.62,1.72,1.72,1.72,1.82,1.82,1.82,1.92,1.92,1.92,1.92,2.02,2.02,2.02,2.12,2.12,2.12,2.12,2.22,2.22,2.22,2.22,2.22,2.32,2.32,2.32,2.32,2.32,2.42,2.42,2.42,2.42,2.42,2.42,2.42,2.52,2.52,2.52,2.52,2.52,2.52,2.52,2.52,2.52,2.52,2.52,2.52,2.52,2.62,2.62,2.62,2.62,2.62,2.62,2.52,2.52,2.52,2.52,2.52,2.52,2.52,2.52,2.52,2.52,2.52
1.52,1.52,1.52,1.52,1.52,1.52,1.52,1.52,1.52,1.52,1.52,1.52,1.52,1.52,1.52,1.52,1.52,1.52,1.62,1.62,1.62,1.62,1.62,1.72,1.72,1.72,1.72,1.72,1.72,1.72,1.62,1.62,1.62,1.62,1.62,1.62,1.62,1.52,1.52,1.52,1.52,1.52,1.52,1.52,1.52,1.52,1.62,1.62,1.62,1.62,1.62,1.72,1.72,1.72,1.72,1.82,1.82,1.82,1.92,1.92,1.92,1.92,2.02,2.02,2.02,2.12,2.12,2.12,2.22,2.22,2.22,2.32,2.32,2.32,2.42,2.42,2.42,2.52,2.52
1.52,1.52,1.42,1.42,1.42,1.42,1.52,1.52,1.52,1.52,1.52,1.42,1.32,1.32,1.22,1.12,1.12,1.02,0.92,0.92,0.82,0.82,0.72,0.62,0.62,0.52,0.42,0.42,0.42,0.42,0.32,0.22,0.22,0.12,0.12,0.12,0.02,0.02,0.02,0.02,0.02,0.02,0.02,0.02,0.02,0.02,0.12,0.12,0.12,0.12,0.12,0.02,0.02,-0.08,-0.08,-0.18,-0.18,-0.18,-0.18,-0.08,-0.08,-0.08,-0.08,-0.08,-0.18,-0.28,-0.28,-0.28,-0.28,-0.28,-0.28,-0.28,-0.28,-0.28,-0.38,-0.38,-0.38,-0.38,-0.48
1.62,1.62,1.62,1.62,1.62,1.62,1.62,1.62,1.52,1.42,1.32,1.22,1.12,1.02,0.82,0.72,0.52,0.42,0.22,0.02,-0.18,-0.38,-0.48,-0.68,-0.78,-0.88,-0.88,-0.98,-0.88,-0.88,-0.98,-0.98,-1.08,-1.28,-1.38,-1.38,-1.48,-1.48,-1.48,-1.38,-1.48,-1.48,-1.48,-1.48,-1.58,-1.68,-1.88,-1.98,-2.08,-2.18,-2.28,-2.18,-2.08,-2.08,-2.18,-2.18,-2.18,-2.18,-2.08,-2.18,-2.18,-2.28,-2.48,-2.48,-2.58,-2.58,-2.58,-2.58,-2.58,-2.48,-2.48,-2.58,-2.58,-2.58,-2.58,-2.58,-2.48,-2.48,-2.48
1.82,1.82,1.72,1.72,1.62,1.52,1.32,1.12,1.02,0.82,0.62,0.42,0.32,0.12,-0.08,-0.38,-0.68,-0.88,-0.98,-1.08,-1.18,-1.08,-1.08,-1.08,-1.08,-1.18,-1.18,-1.18,-1.18,-1.18,-1.18,-1.18,-1.18,-1.38,-1.48,-1.58,-1.68,-1.88,-1.98,-2.08,-2.08,-2.18,-2.18,-2.18,-2.18,-2.08,-2.18,-2.18,-2.28,-2.38,-2.48,-2.48,-2.48,-2.48,-2.38,-2.28,-2.28,-2.18,-2.18,-2.18,-2.18,-2.18,-2.18,-2.28,-2.28,-2.28,-2.18,-2.08,-1.88,-1.78,-1.68,-1.68,-1.58,-1.48,-1.38,-1.28,-1.18,-1.08,-0.98
1.42,1.32,1.12,0.92,0.72,0.52,0.42,0.32,0.22,0.12,-0.08,-0.18,-0.38,-0.48,-0.58,-0.48,-0.48,-0.48,-0.58,-0.78,-0.98,-1.08,-1.08,-0.88,-0.58,-0.48,-0.58,-0.68,-0.88,-0.88,-0.88,-0.78,-0.88,-0.88,-0.88,-0.98,-1.18,-1.28,-1.28,-1.28,-1.18,-1.18,-1.28,-1.48,-1.48,-1.58,-1.48,-1.48,-1.48,-1.38,-1.18,-1.18,-1.08,-1.18,-1.08,-0.98,-0.98,-1.08,-0.98,-0.88,-0.48,-0.08,0.12,0.02,-0.38,-0.58,-0.68,-0.68,-0.48,-0.18,0.12,0.12,0.02,0.02,0.12,0.32,0.42,0.62,0.92
0.52,0.32,0.02,-0.18,-0.38,-0.58,-0.58,-0.58,-0.68,-0.78,-0.88,-0.88,-0.78,-0.68,-0.48,-0.28,-0.18,-0.28,-0.28,-0.28,-0.18,0.12,0.12,0.12,0.22,0.32,0.32,0.42,0.42,0.52,0.72,0.82,0.92,1.02,1.02,0.92,0.82,0.82,1.02,1.22,1.32,1.62,1.82,2.02,2.22,2.32,2.22,2.02,1.92,1.92,1.92,1.82,1.42,1.32,1.52,1.82,1.82,1.82,1.92,2.12,1.92,1.22,0.82,0.62,0.32,0.12,0.12,0.02,-0.28,-0.58,-0.48,-0.38,-0.38,-0.18,-0.18,-0.38,-0.38,-0.28,-0.08
-0.88,-0.88,-1.08,-1.28,-1.48,-1.58,-1.58,-1.38,-1.28,-1.18,-1.08,-0.98,-0.88,-0.88,-0.78,-0.68,-0.48,-0.38,-0.48,-0.28,-0.18,-0.18,-0.08,0.02,0.12,0.32,0.62,0.82,1.02,1.22,1.52,1.92,2.22,2.52,2.82,3.12,2.72,2.42,1.82,1.52,1.62,1.62,1.72,1.52,1.72,0.12,0.22,0.82,1.12,0.62,0.02,-0.08,0.22,0.82,0.92,-0.58,-1.08,0.52,1.42,1.12,1.12,1.42,1.52,1.62,1.52,1.62,1.62,1.62,1.92,1.32,0.62,0.62,0.72,0.42,0.02,-0.28,-1.38,-1.48,-0.98
-2.08,-1.88,-1.78,-1.78,-1.78,-1.68,-1.68,-1.78,-1.88,-1.88,-1.98,-2.08,-2.28,-2.38,-2.38,-2.28,-2.18,-1.88,-1.68,-1.48,-1.18,-0.88,-0.68,-0.38,-0.08,0.42,0.82,1.12,0.82,0.32,0.32,0.82,0.62,0.02,-0.78,-0.58,-1.08,-2.18,-1.58,-0.78,0.02,-0.28,-0.58,-0.58,-2.38,-2.58,-0.58,0.42,0.42,0.92,1.22,1.22,1.12,0.72,0.32,-0.38,-0.68,-0.38,1.22,1.52,2.22,3.02,1.92,0.12,-1.68,-1.18,-0.18,0.42,1.52,1.12,-0.48,-0.58,-2.68,-1.28,1.22,1.52,0.22,-1.78,-3.08
-1.98,-1.88,-1.88,-1.98,-1.98,-1.88,-1.78,-1.78,-1.98,-2.08,-2.38,-2.78,-2.58,-2.58,-2.58,-2.58,-2.48,-2.48,-2.48,-2.48,-2.48,-2.48,-2.38,-2.18,-1.68,-1.48,-0.98,-0.88,-1.28,-1.58,-0.48,1.02,0.12,-1.88,-2.48,-0.78,0.42,-0.48,-1.98,-2.18,-0.48,-1.58,-0.68,1.22,0.32,-1.18,-1.88,-2.18,-1.58,-0.68,1.02,2.02,1.42,1.32,0.92,1.52,1.62,0.32,-0.48,-1.48,0.02,0.32,-2.08,-4.28,-3.48,-1.98,0.52,2.52,2.42,1.52,1.42,3.02,3.32,0.82,-1.48,-2.08,-0.98,0.72,1.32
-1.08,-1.58,-1.78,-1.88,-1.48,-0.98,-0.88,-1.08,-1.28,-1.58,-1.78,-1.78,-1.68,-1.78,-2.18,-2.38,-2.48,-2.28,-2.08,-2.08,-1.88,-1.48,-1.58,-1.88,-0.98,-1.38,-2.88,-2.08,-2.28,-2.28,-2.78,0.12,2.52,2.12,1.92,1.52,0.72,-1.08,-0.38,0.02,0.22,-0.98,-2.48,-2.48,-1.78,-1.08,0.62,1.72,1.02,0.42,1.12,1.82,2.62,1.22,0.02,0.22,-0.08,-1.28,-2.58,-4.18,-2.98,-2.28,-2.08,-1.88,-0.78,-0.78,-1.58,-2.28,-2.68,-2.78,-2.48,-1.88,-1.08,-0.18,0.42,0.72,0.92,1.22,1.62
1.22,1.62,1.62,1.82,1.82,1.92,2.02,2.02,2.02,1.82,1.92,1.92,2.22,1.92,1.92,1.92,2.12,2.12,1.22,-0.88,0.12,0.92,0.72,0.12,-0.88,-0.88,-1.38,-1.48,-1.98,-1.78,-1.38,-1.48,0.72,-0.08,1.32,1.72,1.72,1.22,0.92,-0.28,-1.18,-1.68,-2.18,-0.58,1.82,1.22,1.52,2.02,1.72,1.12,0.02,-0.38,-1.38,-1.08,-0.88,-0.28,-0.18,-2.38,-2.98,-2.38,-1.98,-2.08,-2.08,-2.08,-1.88,-1.58,-1.28,-0.98,-0.88,-0.78,-0.68,-0.68,-0.48,-0.28,0.02,0.32,0.72,1.12,1.72
-0.08,0.52,1.02,1.22,1.12,1.32,1.42,1.52,1.12,1.32,1.42,1.12,1.52,2.12,2.02,2.02,1.92,1.82,1.92,1.82,1.82,1.52,1.22,0.52,1.22,-0.28,-0.88,-0.38,0.12,-0.78,-1.38,-1.88,-1.68,-1.48,-1.68,-1.08,-0.38,-1.18,-1.88,0.12,0.72,-0.88,-2.88,1.22,1.42,0.62,0.52,-0.18,-1.08,-0.78,-0.08,-2.68,-1.08,-0.58,-2.98,-3.28,-2.98,-3.98,-4.88,-4.88,-4.38,-3.68,-2.88,-2.38,-2.18,-2.08,-1.98,-1.88,-1.88,-1.78,-1.68,-1.48,-1.18,-0.78,-0.38,-0.08,0.32,0.92,1.72
-1.58,-1.18,-1.68,-1.38,-0.98,-0.38,1.02,1.42,0.92,0.02,-0.08,0.22,0.42,0.22,0.92,1.02,1.02,0.62,0.32,0.22,0.62,0.82,0.02,0.62,0.72,0.52,-0.08,0.42,1.02,1.22,0.92,-0.48,-0.48,-0.68,-0.98,-1.08,-1.48,-0.68,0.42,0.72,0.42,0.42,-1.28,0.42,2.52,3.02,2.72,0.42,1.32,0.72,-0.48,-0.68,-2.28,-1.78,-2.58,-1.38,0.02,-1.18,-2.78,-4.98,-5.68,-5.98,-5.88,-5.68,-5.98,-5.88,-5.78,-5.78,-5.68,-5.28,-4.88,-4.38,-3.88,-3.28,-2.58,-1.98,-1.28,-0.38,0.42
-3.38,-3.78,-2.88,-1.78,-0.68,-0.28,-1.18,-1.38,1.02,0.82,0.62,2.12,0.52,-0.88,-0.38,1.42,1.02,0.92,0.32,-1.18,0.32,-0.28,0.12,-0.08,0.62,1.32,1.12,1.12,0.82,0.82,-1.68,-0.88,1.12,2.42,2.52,2.32,1.62,0.12,0.92,2.02,2.02,0.62,-1.58,-1.18,0.32,0.82,1.22,1.72,2.02,2.42,2.42,2.92,3.42,3.32,1.02,-0.78,1.22,-0.08,0.12,0.32,0.32,-0.28,-1.88,-2.98,-4.48,-6.18,-5.08,-6.78,-7.28,-6.98,-6.68,-6.18,-5.68,-5.18,-4.68,-4.08,-3.48,-2.88,-2.28
-2.38,-2.48,-1.98,-2.48,-3.38,-3.48,-3.58,-2.58,-1.48,-1.08,-0.88,0.42,0.02,-0.68,-0.48,-0.88,-0.28,0.12,-0.08,-0.18,-0.18,0.12,0.22,0.02,0.32,1.82,1.02,-0.38,-0.68,1.22,1.82,-2.18,-1.48,-1.18,-0.08,-1.98,-0.98,-1.08,-0.48,-0.18,-3.68,-2.58,2.32,1.92,0.42,-0.58,-0.28,0.32,0.52,1.12,1.42,1.62,1.92,2.22,2.52,2.92,2.92,2.42,1.32,1.12,1.22,0.92,0.62,0.02,0.02,-1.08,-3.88,-4.98,-5.18,-6.68,-7.68,-7.48,-6.98,-6.58,-6.08,-5.28,-4.88,-4.58,-4.18
-3.88,-2.98,-1.08,0.12,-1.18,-1.78,1.42,0.62,-1.48,-1.68,-1.48,-1.58,-1.28,-1.18,-0.98,-0.98,-0.68,-0.78,-1.18,-0.18,0.52,0.52,0.52,0.42,-0.08,0.92,0.92,-0.88,-1.48,0.52,1.32,1.72,2.92,3.02,0.02,-2.98,-3.98,-4.08,-2.98,-3.08,-3.88,-4.48,-4.58,-3.88,-3.58,-3.48,-2.98,-2.58,-1.98,-1.48,-1.08,-0.68,-0.08,0.42,0.52,0.72,1.12,1.42,1.72,1.92,1.82,2.02,1.42,1.02,0.52,-0.18,0.22,-3.28,-4.38,-5.68,-6.98,-7.08,-6.98,-6.68,-6.28,-5.78,-5.38,-5.18,-4.88
-4.38,-2.48,-3.38,-2.38,-3.18,-2.68,-1.98,-2.08,-1.98,0.52,-1.38,-0.88,-1.98,-1.18,-1.28,-2.58,-0.48,-0.68,-0.68,-1.38,-1.48,-0.68,-1.58,-2.08,-0.98,-0.38,-1.08,-2.18,-1.78,-0.18,-1.98,-1.58,-1.18,-1.38,-3.38,-1.88,-2.08,-0.38,-3.18,-2.28,-1.88,0.92,2.52,-1.28,-2.08,-0.98,0.72,1.12,-0.88,-1.38,-1.48,-1.48,-1.38,-1.08,-0.68,-0.38,-0.18,0.12,0.42,0.62,0.92,1.02,1.22,1.52,1.42,0.92,-0.78,-1.98,-1.88,-4.18,-4.88,-6.28,-7.08,-6.98,-6.88,-6.68,-5.98,-5.88,-5.58
-3.38,-2.68,-3.38,-0.68,-1.78,-1.28,-0.98,-1.18,-1.58,-0.08,-0.88,-1.18,-0.98,-1.38,0.42,-2.08,-2.48,-1.78,-1.28,-1.98,-2.28,-2.08,-1.88,-3.38,-2.78,-2.48,-1.88,-0.88,-2.88,-2.28,-2.58,-2.68,-2.68,-4.18,-3.88,-4.58,-4.38,-0.18,-3.98,-2.98,-2.88,-0.98,-1.68,-2.48,-2.38,-2.38,-2.38,-0.08,1.72,1.72,0.72,0.52,-0.38,-0.68,-0.18,0.42,0.22,0.02,0.02,0.12,0.22,0.62,0.62,0.92,1.42,2.12,1.12,-1.28,-2.98,-1.38,-3.68,-5.18,-6.98,-7.88,-8.08,-7.98,-7.58,-6.88,-6.78
-8.58,-4.48,-5.38,-5.58,-3.88,-3.38,-3.18,-2.28,-1.78,-0.88,-1.28,-2.28,-2.68,-1.78,-1.28,-1.38,-1.58,-1.38,0.02,-1.18,-1.48,-1.38,-1.68,-1.78,-1.68,-2.38,-2.08,-2.38,-4.48,-3.98,0.12,-2.98,-3.68,-5.08,-6.18,-6.08,-5.68,-6.38,-6.48,-6.98,-7.88,-8.68,-8.38,-8.38,-7.48,-5.68,-5.08,-2.58,-2.08,-1.48,-0.98,1.52,3.02,0.52,0.72,0.02,0.22,-0.28,-0.18,-0.48,-0.18,-0.08,0.12,0.52,0.92,2.22,2.22,-2.18,-2.28,-3.68,-0.78,-3.38,-2.88,-6.98,-8.08,-8.18,-7.58,-7.58,-7.18
-4.98,-6.88,-7.68,-8.48,-6.18,-4.08,-3.18,-3.78,-3.88,-1.88,-0.18,-0.48,-0.18,-2.78,-2.28,-2.28,-1.98,-2.28,-0.88,-0.98,-0.68,-0.38,-0.38,-0.98,-1.38,-2.08,-1.28,-2.98,-4.58,-4.78,-5.28,-3.98,-4.58,-5.48,-6.58,-6.18,-5.68,-6.68,-8.18,-9.58,-8.78,-8.78,-8.98,-8.38,-8.28,-8.18,-7.98,-6.68,-4.38,-6.98,-2.18,0.72,-2.08,-0.88,3.42,1.92,0.72,0.32,-0.48,-0.28,-0.28,-0.18,-0.08,-0.18,0.02,0.62,1.12,1.02,-3.08,-2.38,2.52,-0.98,-0.48,-3.88,-5.98,-7.98,-7.38,-7.28,-6.78
-2.78,-2.48,0.32,1.02,0.12,-1.18,-2.28,-3.48,-3.38,-3.28,-4.18,-2.98,-1.88,-2.68,-1.18,-2.18,-1.28,-1.18,-2.08,-1.28,-0.38,0.42,-0.08,-0.18,-0.08,-0.58,-0.18,0.02,-2.28,-2.38,-3.28,-5.88,-5.58,-5.88,-5.38,-4.78,-6.18,-7.18,-7.28,-8.28,-7.28,-7.18,-7.08,-7.28,-6.98,-7.78,-8.18,-7.98,-7.08,-6.88,-6.28,-3.48,-2.48,-2.58,-0.88,1.82,0.22,0.22,0.32,0.52,0.62,0.72,0.62,0.52,0.02,-2.68,-1.28,1.02,0.52,-2.88,-1.68,-1.78,-2.68,-2.68,-3.58,-5.38,-5.78,-5.78,-5.88
-3.28,-2.88,-2.28,-2.58,0.32,1.02,-1.88,-3.68,-1.88,-3.08,-2.58,-1.98,-1.78,-0.78,-2.28,-2.38,-0.78,-1.28,-0.68,-0.28,0.32,0.52,0.92,1.02,1.02,0.72,0.62,-0.68,-0.78,-0.98,-1.08,-5.08,-4.88,-2.78,-2.58,-2.08,-4.78,-4.98,-6.58,-5.98,-5.98,-5.18,-6.18,-6.18,-6.38,-6.78,-6.48,-6.08,-6.58,-5.48,-6.08,-5.88,-5.48,-2.38,-1.88,-1.98,1.12,2.12,1.82,1.42,1.92,2.42,3.02,3.52,4.02,4.02,3.42,3.12,2.72,-0.58,-1.98,-0.78,-1.48,-3.88,-3.78,-4.08,-4.18,-3.98,-3.78
-7.18,-2.18,-4.08,-4.58,-3.58,-3.98,-1.48,-0.98,-1.88,-1.38,-0.58,-0.78,0.42,0.72,1.82,1.62,-0.98,-0.48,-0.38,-0.48,-0.48,0.62,0.92,1.62,2.02,2.12,2.72,2.72,1.32,2.32,1.22,-1.78,-1.78,-0.68,-1.18,0.52,1.22,-5.88,-2.38,-6.48,-6.08,-4.98,-4.78,-5.88,-5.68,-5.68,-5.88,-6.08,-5.78,-5.18,-4.48,-5.18,-4.78,-5.18,-3.78,-2.58,-2.48,-3.88,2.92,1.62,2.92,1.92,1.82,1.92,1.82,2.02,2.02,2.52,2.42,1.12,-2.18,-0.98,-1.08,-2.68,-3.38,-3.08,-3.18,-2.48,-2.28
-6.18,-6.58,-6.88,-6.48,-5.98,-3.18,-4.78,-4.38,-2.48,-1.28,-1.68,-1.88,-1.08,-0.08,1.72,1.62,1.72,1.62,1.52,1.32,-0.98,-0.48,0.02,0.92,2.02,2.52,2.62,3.12,2.92,3.42,2.02,2.22,0.92,1.02,-0.38,-0.38,-0.78,-1.88,-3.28,-4.18,-5.88,-5.08,-5.28,-5.78,-5.78,-5.38,-5.78,-5.28,-4.18,-4.08,-4.28,-3.48,-3.68,-3.28,-3.78,-1.78,-2.48,-3.58,-3.38,-0.78,1.92,1.52,0.42,0.12,0.82,1.32,1.22,1.92,2.12,2.62,-3.08,-0.48,0.42,-1.98,-2.98,-2.98,-1.98,-0.78,-0.18
-5.58,-6.28,-3.68,-3.38,-2.68,-3.68,-5.28,-4.68,-4.58,-3.78,-2.98,-2.98,-2.08,-1.58,0.12,0.72,1.62,2.42,2.72,2.92,2.42,2.12,1.52,1.92,2.32,2.42,2.82,3.02,2.52,2.42,1.92,1.52,1.32,0.02,0.32,1.92,3.82,-3.38,-3.78,-2.48,-0.38,-6.28,-6.48,-5.78,-5.28,-4.88,-5.48,-4.38,-5.08,-4.98,-3.68,-2.98,-4.48,-4.78,-2.98,-2.08,1.52,-2.08,-3.68,-2.98,-0.98,-1.28,-0.98,-0.18,1.22,1.52,1.72,2.12,2.82,3.52,0.32,-2.88,-1.88,-3.08,-3.48,-3.18,-2.98,-2.48,-0.18
-2.58,-3.58,-5.18,-4.88,-5.18,-4.88,-4.48,-4.78,-5.28,-4.68,-5.08,-3.98,-4.28,-2.38,-1.48,-0.88,-0.78,0.62,1.72,1.92,3.32,2.02,2.72,2.02,1.72,2.12,2.22,2.82,2.62,3.32,3.02,2.72,3.72,3.52,2.12,1.52,2.12,-1.58,-3.38,-3.38,-4.88,-5.78,-5.58,-6.38,-6.68,-6.58,-6.98,-6.58,-6.58,-6.78,-5.38,-5.88,-3.48,-2.88,-1.48,-3.48,-2.38,-1.58,2.82,-0.18,-0.88,-2.48,-2.78,-1.88,-0.08,1.02,1.82,2.92,2.72,2.72,2.82,-1.18,-5.28,0.02,-5.18,-5.18,-5.38,-4.68,-3.68
-1.68,-4.38,-4.98,-6.48,-5.98,-5.78,-4.28,-4.28,-6.58,-5.18,-5.58,-4.78,-3.38,-3.08,-4.08,-2.98,-0.88,0.12,1.52,0.22,2.42,3.12,1.02,3.32,4.42,4.22,4.42,3.92,3.22,3.52,3.82,2.72,3.92,4.92,4.92,4.62,3.12,1.52,-0.28,-1.38,-4.38,-5.78,-6.38,-7.18,-7.28,-8.08,-7.38,-6.28,-6.58,-7.48,-7.28,-7.38,-3.58,-4.68,-2.38,-0.18,-3.78,-1.58,0.72,-0.68,-2.08,-0.68,-0.38,-0.68,0.22,1.32,1.82,2.82,2.32,2.12,2.62,2.52,1.62,-3.08,-4.38,-5.08,-5.48,-4.78,-3.68
-1.28,-2.38,-3.38,-3.48,-3.58,-3.58,-4.08,-3.78,-4.68,-6.88,-6.38,-4.68,-4.38,-3.28,-3.08,-2.48,-2.18,-1.68,-0.98,0.52,1.32,1.32,2.02,2.42,3.12,3.02,3.72,3.32,2.82,3.42,3.32,3.72,3.72,4.02,4.52,4.32,3.12,2.32,2.02,-2.78,-3.78,-5.48,-6.68,-8.28,-8.38,-9.38,-9.28,-6.78,-4.88,-3.58,-0.18,-4.68,-4.78,-4.18,-3.38,-1.98,-1.88,0.32,0.52,-1.78,-1.28,-1.98,-1.38,-0.78,-0.68,0.62,1.12,1.32,1.52,1.82,2.22,2.92,2.82,1.82,-4.18,-4.58,-3.68,-4.38,-2.98
-0.68,-0.98,-2.18,-2.28,-2.88,-2.58,-2.28,-4.88,-5.48,-4.18,-1.78,-3.28,-3.88,-3.08,-5.18,-3.98,-3.58,-1.88,-1.48,-0.88,-0.88,0.32,-0.68,0.72,1.12,2.02,1.92,2.02,2.72,2.52,2.62,3.22,3.32,3.62,4.12,3.82,3.42,2.82,1.12,-1.88,-3.38,-5.48,-7.28,-8.68,-9.98,-12.48,-11.08,-10.48,-10.68,-8.48,-5.88,-3.38,-0.68,-2.08,-2.68,-2.38,-1.08,0.32,3.22,3.22,0.02,-0.58,-1.58,-2.48,-0.78,0.02,0.42,0.52,1.02,1.32,1.52,1.82,2.62,2.52,3.12,0.52,-0.48,-2.18,-3.38
-2.18,-2.28,-1.78,-0.78,-1.08,-0.88,1.12,-1.08,-1.08,-0.78,-0.78,-1.58,-1.88,-1.28,-2.78,-3.08,-3.78,-2.98,-2.38,-2.58,-1.18,-1.48,-0.48,-0.48,-1.18,-0.48,0.62,1.02,1.82,1.82,2.42,2.92,3.32,3.82,3.72,3.92,3.42,3.92,0.92,-0.48,-1.98,-3.98,-5.28,-8.28,-10.18,-10.38,-11.28,-11.38,-11.28,-9.58,-8.78,-6.28,-5.48,-2.28,-3.38,-3.18,-2.78,-1.18,-1.88,2.12,0.22,-0.98,-0.98,-2.28,-0.68,-0.18,-0.18,-0.18,0.32,0.02,0.22,0.52,1.12,0.82,1.72,1.82,-0.28,-1.18,-1.68
-1.48,-3.68,-2.98,-2.18,-1.88,-1.08,-1.68,-1.28,1.62,1.72,-1.28,0.32,0.72,1.72,2.12,2.52,2.12,1.52,-0.98,-2.98,-2.48,-1.48,-1.88,-2.08,-2.48,-1.48,-0.68,0.62,1.72,2.62,3.02,3.32,3.72,4.22,4.12,4.02,4.62,2.62,2.02,0.62,-0.98,-3.08,-5.18,-5.98,-7.28,-8.68,-8.78,-8.88,-8.68,-8.78,-8.28,-7.68,-6.88,-2.58,-4.68,-4.08,-3.28,-2.78,-3.28,0.32,2.12,0.02,-0.08,0.22,-1.78,-0.48,-0.38,-0.38,-0.88,-1.18,-0.98,-0.58,-1.38,-1.78,-2.28,-3.68,-4.98,-7.98,-11.08
0.02,-0.58,-1.08,-0.98,-0.38,-0.88,-1.38,-0.08,-0.68,-0.48,-0.58,1.42,-1.18,-0.28,1.02,1.42,1.42,1.52,1.82,2.42,1.92,2.42,3.12,3.82,2.72,-1.38,-0.88,0.42,1.12,2.52,2.82,3.32,3.92,3.92,4.02,4.82,4.12,3.52,3.02,2.72,0.62,-0.08,-0.58,-2.28,-4.18,-6.18,-7.78,-7.78,-7.98,-7.88,-6.78,-7.08,-6.28,-4.88,-2.88,-4.58,-2.78,-2.48,-3.18,0.42,2.12,2.02,0.52,0.92,1.22,-0.88,-0.68,-0.88,-1.08,-1.58,-1.18,-1.78,-1.78,-4.18,-7.98,-7.48,-8.18,-6.58,-7.98
1.72,-0.58,-1.98,-1.48,0.02,1.12,-1.08,-0.18,-0.88,-0.78,0.52,1.42,-1.18,-0.88,0.02,-0.28,-0.08,1.02,1.12,1.42,1.42,0.62,1.32,0.72,0.62,0.52,-0.28,-0.28,0.22,2.02,2.32,2.62,3.62,4.72,5.22,4.82,4.42,4.22,4.22,6.52,4.62,3.12,1.92,0.22,-1.48,-3.18,-4.38,-4.58,-5.58,-7.28,-6.98,-6.48,-6.28,-5.18,-2.58,-4.68,-3.18,-2.58,-2.58,-0.88,1.02,0.52,1.52,0.92,1.72,0.72,-0.38,-0.88,-0.78,-1.08,-0.88,-1.08,-1.38,-1.38,-3.48,-5.88,-7.38,-7.08,-6.38
0.92,0.92,-1.38,-1.98,-1.58,-2.18,-1.98,-0.68,-0.48,-0.98,-0.08,-1.18,0.12,-0.58,0.92,0.32,0.02,0.62,0.52,1.42,0.32,0.72,1.02,0.82,0.62,0.52,-1.58,-0.28,0.52,0.72,1.42,1.92,2.12,2.52,4.42,4.62,5.12,5.32,6.82,6.32,5.52,4.02,2.82,1.62,0.52,-0.98,-1.98,-4.08,-4.68,-5.18,-4.78,-5.88,-5.78,-5.08,-2.38,-4.38,-3.08,-2.48,-0.78,-0.58,1.72,2.22,1.42,2.32,2.32,2.62,0.42,-0.48,-0.18,-0.08,-0.68,-0.38,0.12,-1.38,-4.38,-5.48,-7.58,-7.48,-8.28
