gfs.json
{"header": {"discipline": 0, "disciplineName": "Meteorological products", "gribEdition": 2, "center": "kwbc", "centerName": "US National Weather Service - NCEP(WMC)", "subcenter": 0, "refTime": "2026-04-09T18:00:00.000Z", "significanceOfRT": 1, "significanceOfRTName": "Start of forecast", "productStatus": 0, "productStatusName": "Operational products", "productType": 1, "productTypeName": "Forecast products", "productDefinitionTemplate": 0, "productDefinitionTemplateName": "Analysis/forecast at horizontal level/layer at a point in time", "parameterCategory": 2, "parameterCategoryName": "Momentum", "parameterNumber": 2, "parameterNumberName": "U-component_of_wind", "parameterUnit": "m.s-1", "genProcessType": 2, "genProcessTypeName": "Forecast", "forecastTime": 0, "surface1Type": "sfc", "surface1TypeName": "Unknown", "surface1Value": 10, "surface2Type": 255, "surface2TypeName": "Missing", "surface2Value": 0, "gridDefinitionTemplate": 0, "gridDefinitionTemplateName": "Latitude_Longitude", "numberPoints": 65160, "shape": 6, "shapeName": "Earth spherical with radius of 6,371,229.0 m", "gridUnits": "degrees", "resolution": 48, "winds": "true", "scanMode": 0, "nx": 360, "ny": 181, "basicAngle": 0, "subDivisions": 0, "lo1": 0.0, "la1": 90.0, "lo2": 359.0, "la2": -90.0, "dx": 1.0, "dy": 1.0}, "data":
[rows 70 to 104 of 181, columns 237 to 315 of 360]
-5.27,-4.87,-4.97,-4.87,-5.07,-5.27,-3.57,-3.27,-1.97,-1.07,-0.27,0.53,0.83,2.23,2.83,2.53,1.83,2.33,2.43,1.83,1.33,1.83,1.63,2.93,1.53,-2.87,-1.27,-4.87,-4.07,-3.77,-3.87,-3.17,-0.57,-0.17,-0.67,-1.07,-2.47,-2.07,-2.47,-2.77,-3.07,-2.77,-2.47,-1.97,-2.07,0.43,0.33,0.53,-1.87,-0.57,0.63,-2.17,-6.17,-6.97,-3.87,-5.17,-5.67,-6.27,-6.07,-6.37,-5.87,-6.77,-6.87,-6.67,-6.37,-6.37,-7.47,-7.37,-7.97,-8.67,-8.17,-7.77,-8.27,-7.67,-8.17,-9.17,-10.67,-10.87,-10.07
-5.17,-4.57,-5.07,-4.67,-5.77,-4.37,-4.77,-3.97,-3.47,-2.17,-1.27,-0.57,-0.37,0.23,0.83,1.33,1.73,2.03,2.13,1.53,-2.87,0.63,0.83,3.43,0.43,0.53,-2.27,-4.07,-4.47,-2.97,-3.47,-3.27,0.53,-0.07,-1.37,-1.57,-1.77,-2.17,-2.77,-2.97,-3.37,-3.37,-3.47,-3.17,-3.87,-6.47,-5.47,-1.77,0.03,-3.57,0.13,1.33,0.93,-2.87,-4.07,-3.07,-7.17,-6.77,-6.67,-5.77,-6.27,-7.07,-6.97,-7.37,-6.67,-7.27,-7.37,-8.07,-7.57,-7.97,-8.47,-8.47,-8.17,-8.37,-8.87,-8.87,-8.47,-9.37,-10.77
-4.87,-5.07,-5.07,-6.07,-3.97,-5.27,-5.47,-4.47,-3.67,-2.67,-2.47,-1.97,-1.07,-0.57,0.13,0.63,0.83,1.23,1.43,1.93,0.33,1.43,0.53,0.73,1.23,1.73,-2.47,2.63,-0.47,-1.77,-1.07,-2.17,0.43,0.23,-1.57,-2.57,-2.27,-2.67,-2.87,-3.17,-3.57,-4.07,-4.07,-3.37,-1.27,-1.67,-2.47,-6.27,-7.47,-7.97,-6.27,-1.47,-3.17,-4.97,-6.07,-5.97,-6.67,-3.67,-7.27,-6.47,-6.37,-6.97,-7.47,-7.87,-6.97,-6.87,-7.77,-7.97,-7.57,-7.67,-7.77,-8.17,-7.57,-7.27,-7.57,-8.87,-9.37,-8.87,-8.27
-5.07,-4.77,-5.37,-5.57,-5.27,-5.37,-4.97,-4.67,-4.07,-3.57,-3.07,-2.07,-1.47,-0.27,-0.27,-0.27,-0.17,0.53,0.13,0.13,0.93,2.33,3.33,2.33,1.73,1.03,-1.37,-2.87,-0.77,0.23,2.13,-1.77,-1.37,1.03,-0.57,-1.67,-2.27,-2.67,-2.87,-3.27,-4.27,-4.47,-4.97,-5.77,-6.27,-7.17,-7.07,-6.97,-7.47,-8.97,-8.57,-8.57,-7.07,-6.77,-6.17,-6.97,-6.47,-6.07,-7.67,-7.27,-6.87,-7.67,-7.87,-7.77,-7.37,-6.57,-8.17,-6.87,-8.57,-8.27,-8.47,-8.07,-7.57,-7.27,-7.27,-8.77,-8.57,-8.27,-8.57
-4.97,-5.57,-5.37,-5.17,-6.07,-6.27,-5.37,-4.87,-3.67,-3.57,-3.27,-2.27,-1.77,-1.37,-0.97,-0.67,-1.07,-1.17,-0.77,-0.17,0.93,1.53,2.33,2.63,3.43,3.43,1.43,-1.67,-1.37,6.83,-0.97,-1.87,-1.97,-0.97,-2.37,0.53,-1.57,-3.67,-2.77,-3.47,-3.77,-5.37,-5.47,-5.47,-5.57,-7.17,-7.07,-7.47,-7.97,-8.77,-8.67,-8.47,-8.27,-7.87,-7.97,-7.77,-8.27,-7.27,-5.17,-6.87,-7.07,-9.07,-7.37,-7.57,-7.47,-6.97,-6.57,-6.87,-5.97,-7.77,-8.27,-8.37,-7.07,-7.07,-6.77,-6.67,-7.87,-9.07,-9.07
-5.77,-5.77,-5.47,-5.87,-6.07,-5.97,-5.77,-5.17,-4.37,-4.07,-3.77,-3.07,-2.57,-2.27,-2.07,-1.57,-1.77,-1.87,-1.47,-0.87,-0.37,0.03,0.73,1.43,1.13,0.63,1.93,1.13,-1.57,2.53,2.93,2.23,-2.17,-0.97,-0.07,-1.27,-0.87,-1.37,-2.27,-1.57,-4.57,-4.97,-5.37,-5.37,-6.67,-6.07,-6.77,-7.67,-8.57,-9.27,-9.57,-9.77,-8.97,-9.17,-8.57,-9.17,-8.87,-7.87,-7.17,-7.27,-7.67,-8.77,-6.67,-7.77,-7.17,-6.47,-6.47,-6.47,-6.27,-6.57,-7.57,-7.97,-7.07,-7.67,-7.97,-7.67,-7.37,-8.07,-8.67
-6.27,-6.17,-6.07,-6.37,-6.17,-5.57,-5.57,-5.87,-5.17,-4.87,-4.37,-4.17,-3.77,-3.17,-2.27,-2.47,-2.47,-2.87,-2.37,-1.87,-1.77,-1.87,-1.47,-1.47,-1.37,-1.37,-0.27,-0.67,-1.47,2.33,1.53,3.43,1.13,-4.37,1.53,-1.67,-2.97,-2.57,-2.67,-2.47,-4.47,-5.27,-4.97,-5.77,-6.67,-6.07,-6.47,-7.87,-8.57,-9.37,-10.07,-10.37,-10.07,-9.47,-9.47,-9.47,-9.37,-8.67,-7.87,-7.77,-6.97,-6.67,-7.27,-7.57,-7.57,-6.87,-5.87,-6.57,-5.77,-6.37,-6.47,-6.47,-6.47,-7.57,-8.27,-8.17,-7.57,-7.67,-7.97
-7.37,-6.07,-6.37,-6.37,-6.17,-5.97,-5.87,-5.47,-5.17,-4.77,-4.37,-4.57,-4.37,-3.67,-3.67,-3.77,-3.97,-3.77,-3.77,-3.87,-4.27,-4.07,-3.57,-3.37,-2.67,-2.57,-3.57,-4.27,-0.17,1.83,1.53,1.73,1.93,-0.97,-3.57,-2.67,-3.37,-3.97,-6.17,-3.57,-4.47,-5.47,-4.97,-6.37,-5.87,-6.17,-6.87,-8.57,-8.97,-9.97,-11.07,-10.97,-10.87,-11.07,-9.87,-9.87,-9.47,-9.57,-8.77,-7.87,-7.07,-6.87,-6.67,-6.97,-7.17,-6.97,-6.27,-6.17,-5.77,-6.47,-5.67,-6.37,-7.77,-7.47,-8.07,-7.47,-7.47,-7.67,-7.67
-7.47,-7.07,-7.47,-6.17,-6.37,-6.27,-6.77,-6.47,-5.87,-5.37,-5.57,-5.17,-5.17,-4.67,-4.57,-4.87,-4.27,-5.37,-5.17,-5.17,-5.17,-5.27,-4.57,-4.17,-4.07,-4.27,-4.17,-3.37,-0.27,0.63,-1.07,-0.57,-1.27,-3.27,-3.77,-3.57,-1.97,-6.67,-8.27,-4.17,-5.67,-4.47,-5.17,-5.47,-5.07,-6.17,-6.97,-8.57,-9.07,-7.87,-8.97,-10.47,-9.47,-12.37,-9.77,-10.07,-10.47,-9.57,-9.17,-8.47,-7.67,-7.37,-6.17,-6.87,-7.47,-6.57,-6.27,-6.47,-6.67,-6.97,-6.07,-6.17,-6.77,-6.67,-7.97,-7.47,-7.27,-6.77,-7.07
-6.77,-7.77,-7.27,-6.87,-6.77,-7.17,-7.57,-7.27,-6.17,-6.47,-6.07,-6.47,-5.87,-5.37,-5.67,-5.67,-5.27,-5.67,-5.97,-5.37,-6.27,-5.47,-4.77,-5.57,-6.17,-4.97,-4.57,-3.27,-3.47,-2.47,-1.97,-1.37,-1.77,-3.07,-5.97,-7.07,-10.47,-9.97,-4.27,-3.37,-4.67,-3.47,-3.87,-5.07,-4.47,-5.87,-6.67,-7.37,-5.67,1.83,-0.07,-2.97,-0.27,-8.17,-3.87,-8.47,-9.87,-8.27,-5.67,-5.87,-8.77,-7.87,-6.47,-6.87,-7.37,-5.97,-6.27,-5.87,-5.47,-6.17,-6.87,-6.87,-7.07,-6.77,-7.17,-6.77,-7.07,-6.57,-6.67
-6.37,-7.87,-7.67,-7.57,-7.57,-7.57,-7.47,-6.87,-6.87,-6.37,-6.87,-6.57,-6.37,-5.77,-6.17,-6.47,-6.47,-6.47,-6.27,-5.37,-5.87,-5.37,-5.57,-6.07,-5.57,-5.07,-4.97,-4.07,-4.47,-4.37,-3.37,-3.37,-3.77,-4.67,-7.07,-8.97,-7.37,-2.47,-0.77,-2.47,-1.67,-1.27,-2.27,-4.07,-4.07,-3.67,-4.17,-0.77,-1.97,-1.87,0.53,-2.87,3.23,-3.37,-0.27,-1.47,-1.87,-2.47,-0.67,-3.07,-2.67,-8.27,-6.37,-6.27,-6.87,-6.47,-6.57,-6.27,-6.17,-6.57,-6.97,-7.17,-7.77,-7.87,-7.17,-7.67,-7.57,-7.87,-6.47
-6.67,-7.17,-7.97,-8.07,-7.57,-7.47,-7.07,-6.47,-6.87,-6.77,-6.57,-5.97,-6.67,-6.47,-6.47,-6.97,-6.97,-6.77,-6.17,-5.97,-5.57,-5.57,-5.27,-5.77,-5.77,-5.57,-5.17,-4.77,-4.97,-4.77,-4.67,-5.47,-5.27,-7.07,-7.77,-6.37,-3.67,-3.07,-0.67,0.63,1.23,0.53,2.53,2.53,-2.17,-1.67,-0.67,1.73,-0.57,0.03,-1.77,1.23,1.33,-0.67,-1.77,-2.47,-3.87,-4.47,-4.47,-6.47,-4.57,-3.17,-3.87,-6.57,-6.37,-6.57,-6.97,-6.57,-6.07,-7.27,-7.57,-7.37,-7.67,-6.97,-7.47,-6.47,-7.87,-7.57,-7.37
-6.57,-6.47,-7.37,-7.87,-7.77,-7.07,-7.37,-7.27,-6.37,-6.37,-5.77,-5.87,-6.17,-6.57,-6.77,-6.57,-6.37,-6.87,-6.37,-5.77,-6.17,-5.67,-5.07,-4.87,-5.67,-5.07,-4.97,-4.47,-4.67,-5.07,-5.47,-5.77,-5.47,-6.67,-3.57,-2.67,0.33,-0.67,-0.27,-0.67,-1.57,3.63,-0.67,-3.67,1.23,0.43,-1.47,-1.27,-0.47,-1.37,-2.77,-0.97,-0.77,-2.87,-2.47,-2.87,-4.57,-7.77,-7.17,-4.87,-1.67,-3.87,-1.37,-2.47,-5.17,-6.27,-6.77,-6.27,-6.87,-6.97,-7.67,-6.37,-6.97,-7.37,-6.87,-7.17,-6.47,-7.47,-7.57
-5.77,-6.17,-7.17,-6.57,-7.07,-7.67,-7.07,-7.27,-6.47,-5.47,-5.17,-4.07,-4.27,-5.07,-5.77,-6.67,-6.37,-6.47,-6.47,-5.97,-5.47,-5.07,-4.97,-5.87,-4.87,-4.97,-3.57,-3.57,-2.97,-3.57,-3.17,-3.37,-2.87,-1.37,-0.37,0.83,1.23,-0.17,-1.47,-2.87,-3.47,-2.57,1.93,-3.57,0.23,4.03,-0.37,-0.57,-1.87,0.33,2.83,0.43,-1.47,-1.27,-3.17,-4.27,-3.17,-3.87,-0.27,-2.47,-3.27,-2.97,-2.87,-1.17,-2.67,-5.67,-6.17,-5.97,-5.67,-6.67,-6.87,-6.67,-6.97,-6.97,-7.67,-7.37,-6.97,-7.47,-7.17
-5.27,-4.47,-5.17,-4.97,-6.87,-5.57,-6.17,-5.67,-5.47,-4.87,-4.27,-4.47,-3.57,-4.27,-4.47,-5.57,-6.17,-6.17,-5.97,-5.47,-5.07,-4.17,-4.07,-3.87,-3.97,-2.87,-1.97,-2.17,-2.37,-2.77,-1.67,-0.97,0.03,1.33,2.03,2.23,0.73,0.13,-1.47,-2.27,-2.47,-1.57,-6.67,-2.97,0.43,1.63,0.83,-1.77,-1.97,0.83,-0.17,-0.27,-2.87,1.43,-2.87,-1.27,-0.37,-0.07,-1.27,-0.57,-0.87,-1.47,-2.07,-1.37,-1.57,-2.97,-5.07,-6.77,-5.37,-7.07,-7.57,-7.37,-7.27,-6.97,-6.67,-7.07,-7.97,-6.67,-7.37
-4.77,-5.27,-5.07,-5.37,-5.67,-5.47,-4.97,-4.67,-4.47,-3.57,-3.37,-3.57,-2.97,-3.07,-3.37,-3.87,-4.47,-4.27,-4.27,-3.97,-3.57,-3.17,-1.47,-0.87,-0.07,-0.47,-0.67,-0.27,0.03,0.73,0.73,0.63,1.53,2.63,2.23,1.53,0.53,-0.27,-1.37,-4.37,-4.37,-7.57,-6.37,-3.07,-1.47,0.53,1.63,-0.07,-2.47,-2.57,-0.37,0.13,0.43,-0.97,-1.17,0.73,-0.27,-0.37,-1.17,-0.37,-0.07,-0.67,-0.17,-2.87,-0.97,-1.57,-1.07,-1.07,-1.87,-2.47,-2.97,-6.67,-7.17,-6.67,-7.07,-7.17,-7.27,-6.57,-7.17
-5.57,-5.97,-5.47,-5.77,-5.57,-5.17,-4.97,-4.17,-4.07,-3.87,-3.87,-3.37,-3.27,-3.17,-3.37,-2.97,-3.27,-2.67,-3.07,-2.77,-2.47,-1.97,-0.27,-0.17,-0.07,0.03,-0.07,0.23,0.63,1.03,0.93,2.23,2.63,2.33,1.73,1.33,-0.27,-0.07,-3.07,-3.77,-6.87,-5.17,-2.87,-0.97,0.43,1.13,1.73,1.13,0.53,-0.47,2.13,3.23,1.33,-0.87,-0.57,-0.67,0.43,0.13,-1.47,-1.37,-1.27,-1.17,-3.17,-4.77,-2.67,-1.57,-1.97,-0.97,-1.27,-1.77,-2.07,-2.57,-6.67,-7.07,-7.17,-6.87,-6.47,-6.27,-6.67
-5.77,-6.07,-5.87,-5.97,-5.67,-5.67,-4.87,-4.57,-4.47,-4.07,-4.17,-4.07,-3.47,-3.07,-3.07,-2.87,-2.87,-2.77,-2.07,-2.57,-2.07,-1.97,-1.17,0.13,0.23,0.73,-0.57,-0.57,0.23,0.43,1.03,2.03,2.33,1.83,1.53,0.83,0.33,-0.77,-2.37,-4.37,-3.97,-2.97,0.23,2.33,2.73,2.53,2.43,-2.37,1.03,-0.57,2.73,1.53,1.33,0.73,-1.17,-0.67,1.33,-0.67,0.73,-2.37,-1.67,-2.47,-5.57,-2.67,-2.77,-1.27,-1.47,-1.87,-1.47,-1.87,-2.37,-2.27,-4.67,-6.47,-6.47,-6.77,-6.07,-6.77,-5.77
-5.77,-5.67,-6.07,-6.17,-5.97,-5.27,-4.97,-4.17,-4.27,-3.77,-4.17,-3.77,-3.47,-3.07,-3.47,-3.07,-3.07,-2.57,-2.07,-2.47,-2.07,-1.97,-1.47,-1.07,-0.77,-0.37,-0.27,-0.67,-0.87,-0.07,0.33,1.93,1.83,0.93,0.43,0.13,-0.87,-1.77,-4.67,-4.17,-1.97,-1.17,0.83,2.93,4.73,1.43,0.93,0.23,-0.97,0.13,0.93,1.23,0.43,-0.77,-0.57,-0.77,-1.17,-0.17,-0.87,-1.67,0.03,-1.67,0.83,-2.17,-1.97,-1.57,-1.67,-2.47,-1.47,-1.57,-1.37,-1.87,-3.07,-5.67,-6.87,-5.77,-6.07,-6.07,-6.57
-5.27,-4.97,-5.47,-5.77,-5.07,-4.77,-4.67,-4.37,-3.97,-3.77,-3.97,-3.87,-3.17,-2.67,-3.67,-3.37,-2.57,-2.57,-2.37,-2.27,-1.97,-1.17,-1.27,-1.77,-1.37,-0.57,-0.57,-0.27,-1.17,0.03,-0.17,0.83,1.33,-0.27,-0.57,-1.07,-1.47,-1.87,-3.07,-2.57,-2.27,-0.17,1.13,5.63,2.23,0.23,-0.97,0.93,1.13,1.33,0.93,0.23,-0.47,-0.67,-2.07,0.13,-1.27,-0.07,0.33,-0.07,-0.27,-2.27,-1.97,-0.07,-2.17,-2.07,-2.07,-2.37,-1.97,-1.27,-2.07,-2.17,-2.87,-3.47,-5.77,-5.07,-4.87,-5.97,-5.87
-4.87,-5.07,-4.77,-4.67,-4.67,-3.97,-4.17,-3.47,-3.97,-3.87,-3.57,-3.47,-2.87,-2.87,-3.07,-2.87,-3.07,-2.87,-2.57,-2.37,-1.57,-1.07,-1.07,-1.87,-1.27,-0.57,-0.97,-0.27,-0.67,0.03,-0.17,0.73,-1.97,-1.17,-1.17,-1.77,-2.57,-2.37,-2.07,-1.47,-1.37,-0.47,1.13,2.33,2.73,-2.47,1.73,1.13,1.53,0.53,0.23,-1.57,-0.47,-1.67,-0.17,-0.87,-0.37,-1.67,-1.37,-1.27,-1.97,-2.17,-0.57,-1.67,0.03,-1.17,-2.27,-1.67,-2.27,-1.27,-1.77,-1.67,-5.17,-3.77,-5.07,-4.57,-4.07,-5.17,-6.07
-5.57,-5.57,-5.87,-5.17,-5.57,-4.37,-4.47,-4.27,-4.17,-4.57,-3.87,-4.07,-4.17,-3.77,-3.57,-3.77,-3.57,-3.37,-2.77,-2.07,-1.77,-1.07,-1.17,-1.37,-1.27,-1.17,-0.57,-0.67,-0.87,-0.57,0.23,0.53,-2.07,-2.27,-1.97,-1.97,-2.47,-3.07,-1.67,-1.37,-1.47,0.13,2.73,-0.37,2.93,-1.17,0.33,0.63,1.63,1.03,0.13,0.93,-1.47,-1.87,-0.57,-1.27,-1.17,-1.77,-1.37,-1.97,-1.77,-1.17,-0.67,-1.97,-1.47,-1.17,-1.17,-1.27,-2.17,-1.77,-2.17,-1.87,-1.47,-1.97,-1.37,-1.57,-1.47,-3.97,-4.27
-6.07,-6.17,-6.27,-6.47,-6.17,-5.37,-4.77,-4.87,-4.97,-4.77,-4.77,-4.77,-4.67,-4.87,-4.57,-5.17,-5.07,-4.27,-3.87,-2.77,-2.17,-1.37,-1.07,-0.57,-1.47,-1.27,-0.57,-0.87,-1.77,-1.47,-0.27,0.13,-1.57,-1.37,-2.17,-2.17,-2.47,-2.77,-2.87,-2.37,-1.37,0.43,2.73,0.63,3.23,-0.67,-0.17,1.03,1.23,0.93,0.13,-0.37,-1.37,-1.07,-1.17,-1.77,-1.87,-1.67,-1.67,-1.17,-0.77,-1.07,-1.07,-1.47,-1.27,-1.27,-1.37,-2.07,-2.97,-1.57,-1.27,-1.87,-0.87,-0.97,-1.47,-1.07,-1.17,-1.27,-0.97
-7.17,-6.77,-7.17,-6.67,-6.37,-5.97,-6.07,-5.47,-5.57,-5.77,-5.37,-5.17,-5.27,-4.97,-4.97,-5.37,-5.87,-5.97,-5.07,-4.47,-3.57,-2.67,-1.97,-1.27,-0.97,-1.77,-1.97,-1.97,-2.27,-2.17,-2.47,-2.67,-1.77,-2.27,-2.67,-2.67,-2.87,-3.67,-3.37,-2.27,-1.27,0.13,1.93,-0.07,-0.97,0.73,0.43,1.03,1.03,0.13,0.33,0.23,-0.57,-1.47,-0.37,-1.37,-1.87,-1.67,-2.27,-0.77,-1.17,-1.27,-1.17,-1.57,-1.77,-1.97,-2.47,-1.57,-1.17,-1.87,-1.17,-0.37,0.33,-0.27,-1.57,-1.37,-0.97,-2.27,-0.87
-7.67,-7.67,-7.27,-7.47,-6.47,-6.57,-6.17,-6.07,-5.87,-6.17,-5.87,-5.87,-5.77,-5.07,-5.67,-5.97,-5.97,-5.67,-5.67,-4.97,-4.77,-4.67,-4.47,-4.67,-3.57,-3.37,-2.47,-2.57,-2.77,-3.27,-3.47,-3.37,-2.97,-2.67,-2.47,-3.27,-3.77,-4.27,-3.67,-3.07,-1.77,-0.17,4.83,2.73,-1.17,-0.17,0.23,1.13,1.13,0.03,-0.27,-0.67,-1.57,-0.87,-0.47,-0.87,-1.07,-1.27,-0.47,-1.57,-1.27,-1.57,-1.27,-0.97,-1.67,-2.47,-1.67,-1.67,-1.37,-1.37,-0.97,-0.17,-0.47,0.03,0.83,-1.47,-0.27,-1.27,-0.07
-7.27,-7.47,-7.27,-6.37,-6.67,-6.27,-6.57,-5.87,-5.77,-6.27,-6.07,-5.97,-5.97,-4.37,-6.27,-5.57,-6.47,-6.47,-6.17,-5.67,-5.07,-4.97,-5.47,-5.67,-5.37,-4.77,-4.17,-4.17,-4.47,-4.77,-4.17,-4.97,-4.37,-5.07,-5.47,-4.77,-4.87,-5.07,-3.67,-3.87,-3.07,-1.77,1.23,1.33,1.03,0.83,0.13,0.33,1.53,-0.17,-0.87,-0.17,-0.17,-0.77,-0.97,-0.67,-0.77,-0.77,0.43,-1.47,-0.97,0.43,-1.27,-0.37,-1.57,-0.67,-1.77,-1.27,-1.37,-0.67,-0.47,-0.37,-0.17,-0.27,1.43,0.63,-0.17,0.03,-0.07
-7.77,-7.77,-7.47,-7.07,-6.27,-6.57,-6.97,-6.77,-6.17,-5.97,-5.87,-6.77,-5.27,-4.57,-6.67,-5.67,-6.77,-6.67,-6.37,-6.57,-6.07,-5.57,-5.07,-5.57,-5.57,-4.97,-4.37,-4.17,-4.67,-5.27,-4.77,-4.57,-4.47,-5.07,-5.17,-5.17,-5.57,-5.17,-4.87,-3.87,-3.57,-3.07,0.33,1.83,-2.77,-0.47,-0.37,0.03,1.23,0.43,-0.97,-0.57,-0.17,-0.37,-0.97,-0.07,-1.17,-0.27,-0.17,-0.37,-0.37,-0.77,-0.87,0.33,-0.27,-1.67,-1.17,-0.67,-1.37,-0.27,-0.67,-0.77,-0.37,-0.37,0.03,-0.07,-0.47,-0.27,-2.17
-7.17,-7.27,-7.27,-7.67,-6.77,-7.47,-6.87,-6.87,-6.17,-6.07,-7.07,-6.57,-6.27,-5.27,-6.87,-6.67,-6.97,-7.37,-6.97,-6.67,-6.67,-6.47,-5.67,-5.97,-5.47,-5.77,-5.27,-4.37,-3.77,-5.07,-5.27,-4.07,-4.37,-4.87,-5.97,-5.37,-4.37,-4.27,-4.57,-3.87,-3.77,-3.37,-1.97,0.63,0.93,-0.77,-0.47,0.33,0.53,1.03,0.63,0.13,0.13,-0.47,-0.27,-0.37,-0.57,0.43,0.03,0.43,-0.67,-0.17,-1.57,-0.87,-0.67,-1.37,-1.07,-1.17,-1.37,0.13,-1.67,-0.47,0.03,-0.87,-1.57,-1.07,-2.37,-1.67,-1.17
-7.47,-7.47,-7.77,-8.57,-7.67,-7.07,-6.77,-7.07,-6.97,-6.87,-7.17,-7.27,-6.07,-6.77,-6.97,-6.87,-8.17,-7.87,-7.37,-7.37,-8.07,-7.27,-7.17,-6.67,-5.97,-6.27,-6.87,-5.77,-4.77,-5.57,-5.67,-4.87,-4.67,-5.77,-5.57,-5.67,-4.37,-4.37,-4.37,-4.47,-4.17,-3.87,-2.47,-0.97,2.33,-2.37,0.13,0.73,0.93,1.13,0.83,-0.87,-0.57,0.23,-0.57,-0.77,-0.57,1.13,0.13,0.53,-0.77,1.33,-0.47,0.23,-0.67,-0.57,-1.17,-1.67,-0.67,-1.27,-0.07,-0.27,-1.37,-0.17,-1.07,-1.97,-2.07,-2.07,1.33
-8.27,-7.87,-8.27,-7.77,-7.67,-7.47,-7.37,-7.47,-6.77,-7.67,-7.17,-6.47,-7.17,-7.97,-8.17,-7.97,-8.17,-8.27,-7.57,-7.67,-7.97,-7.57,-7.17,-7.27,-6.87,-8.47,-7.77,-7.47,-6.97,-5.67,-5.37,-5.77,-6.07,-6.27,-5.27,-6.07,-4.57,-4.67,-5.07,-4.87,-4.57,-3.97,-2.57,-2.07,-0.57,3.73,-1.67,0.63,1.03,1.53,0.73,0.63,0.13,0.03,1.03,-0.47,0.03,1.23,-0.07,1.13,-0.27,-0.67,-1.37,-0.97,0.53,0.53,-1.27,-0.47,-0.37,0.63,-0.77,-0.27,-0.97,-1.57,-2.07,-0.57,-3.07,-0.07,-1.87
-8.67,-8.47,-8.07,-8.17,-8.37,-8.07,-7.87,-8.07,-7.97,-8.07,-6.87,-7.67,-7.57,-6.97,-8.07,-8.67,-7.97,-8.07,-7.57,-7.57,-7.67,-7.67,-7.27,-7.57,-7.47,-8.27,-8.07,-7.17,-7.27,-7.37,-5.27,-6.07,-5.57,-6.17,-5.27,-4.17,-4.57,-4.67,-5.27,-5.37,-3.67,-3.87,-2.87,-2.37,-1.07,3.23,-3.07,-2.47,0.03,-0.57,0.03,0.23,0.63,0.43,0.33,0.43,1.13,0.33,0.93,0.43,1.13,0.63,0.43,-0.97,-0.37,-0.97,-0.47,-1.17,-1.17,0.13,-1.17,-0.97,1.53,-2.37,-1.67,0.53,-1.27,-1.87,-0.37
-8.47,-8.77,-8.07,-7.97,-7.87,-8.57,-7.77,-7.47,-7.97,-8.47,-7.07,-7.57,-7.77,-7.07,-8.27,-8.17,-8.17,-8.17,-7.57,-7.57,-7.47,-6.97,-6.87,-7.77,-7.37,-7.37,-7.27,-7.47,-8.17,-6.87,-6.37,-6.77,-6.67,-6.17,-6.27,-4.47,-4.17,-4.57,-4.17,-4.47,-3.77,-2.77,-2.57,-2.27,-2.17,-0.37,3.63,-3.37,-1.37,1.03,-0.07,1.03,0.93,0.23,0.33,0.63,0.73,1.43,1.73,1.53,1.13,0.63,0.73,-0.27,-1.57,-0.37,0.53,0.93,0.03,0.03,-2.37,-1.57,-0.27,-0.17,0.73,-0.67,0.73,-0.27,1.13
-8.27,-8.27,-8.07,-7.17,-7.87,-8.47,-7.57,-7.77,-8.97,-8.97,-7.67,-7.47,-7.47,-6.87,-8.17,-7.47,-7.17,-7.17,-8.67,-7.57,-8.27,-7.47,-8.67,-8.27,-8.07,-7.87,-7.17,-6.87,-7.87,-7.67,-8.27,-7.17,-7.87,-6.37,-5.67,-5.97,-5.17,-4.27,-3.87,-3.37,-3.47,-2.87,-2.27,-2.27,-2.37,-1.07,3.13,-0.97,-2.87,0.33,0.43,0.53,0.23,0.43,0.63,1.03,0.73,1.33,2.03,1.33,0.33,0.13,1.43,-0.27,-1.27,-0.67,0.43,-0.47,-0.87,-0.77,-1.57,-1.07,-0.17,0.23,0.23,0.23,1.03,1.63,0.83
-7.57,-8.27,-7.37,-7.87,-7.97,-7.77,-7.37,-8.67,-8.77,-8.67,-8.67,-7.97,-8.37,-8.47,-7.47,-6.97,-6.27,-6.67,-7.77,-7.97,-8.87,-8.87,-8.77,-8.17,-8.07,-8.17,-6.97,-7.57,-8.07,-6.87,-7.67,-7.17,-6.97,-7.57,-6.17,-6.67,-5.97,-5.37,-4.17,-3.17,-2.97,-2.47,-1.97,-2.07,-2.37,-1.77,0.33,3.93,-2.37,-2.07,-0.07,0.93,-0.87,0.03,0.03,2.13,1.43,1.53,2.23,2.83,1.33,1.53,0.23,0.63,-1.17,0.93,-1.07,1.13,-0.07,-1.17,-1.67,-1.27,-0.47,-1.67,2.33,0.13,1.93,0.63,0.23
-6.67,-7.97,-7.07,-7.77,-7.87,-7.77,-8.77,-8.97,-8.47,-8.67,-8.67,-9.27,-8.47,-8.57,-7.37,-6.07,-7.27,-7.77,-8.07,-7.87,-7.97,-8.37,-8.97,-8.47,-6.87,-7.07,-8.47,-6.87,-7.87,-7.57,-7.27,-7.17,-7.37,-6.57,-6.57,-6.27,-6.47,-5.57,-5.17,-4.67,-3.07,-2.27,-2.47,-2.57,-2.57,-1.87,-2.07,5.63,1.83,-1.97,-0.57,0.33,1.73,-0.77,0.33,0.73,1.93,1.83,2.53,1.63,1.53,0.93,0.23,-0.37,-0.37,-0.67,0.43,-0.97,2.23,-0.87,-0.97,-1.37,1.23,-0.37,0.73,1.43,-0.27,2.13,2.73
