gfs.json
{"header": {"discipline": 0, "disciplineName": "Meteorological products", "gribEdition": 2, "center": "kwbc", "centerName": "US National Weather Service - NCEP(WMC)", "subcenter": 0, "refTime": "2026-04-14T00:00:00.000Z", "significanceOfRT": 1, "significanceOfRTName": "Start of forecast", "productStatus": 0, "productStatusName": "Operational products", "productType": 1, "productTypeName": "Forecast products", "productDefinitionTemplate": 0, "productDefinitionTemplateName": "Analysis/forecast at horizontal level/layer at a point in time", "parameterCategory": 2, "parameterCategoryName": "Momentum", "parameterNumber": 3, "parameterNumberName": "V-component_of_wind", "parameterUnit": "m.s-1", "genProcessType": 2, "genProcessTypeName": "Forecast", "forecastTime": 0, "surface1Type": "sfc", "surface1TypeName": "Unknown", "surface1Value": 10, "surface2Type": 255, "surface2TypeName": "Missing", "surface2Value": 0, "gridDefinitionTemplate": 0, "gridDefinitionTemplateName": "Latitude_Longitude", "numberPoints": 65160, "shape": 6, "shapeName": "Earth spherical with radius of 6,371,229.0 m", "gridUnits": "degrees", "resolution": 48, "winds": "true", "scanMode": 0, "nx": 360, "ny": 181, "basicAngle": 0, "subDivisions": 0, "lo1": 0.0, "la1": 90.0, "lo2": 359.0, "la2": -90.0, "dx": 1.0, "dy": 1.0}, "data":
[rows 72 to 107 of 181, columns 0 to 81 of 360]
-3.46,-4.06,-5.86,-3.96,-4.16,-4.66,3.74,0.94,3.84,2.54,3.44,3.24,3.24,2.64,2.54,0.84,0.04,-1.26,-1.26,-1.96,-0.96,-0.06,0.04,-0.16,0.14,-1.16,-2.16,-4.16,-5.26,-4.56,-5.26,-4.06,-4.76,-5.26,-4.96,-2.96,-4.46,-4.36,-1.46,-2.26,-2.46,-1.46,-0.26,-0.16,-0.36,-5.46,-7.56,-4.26,3.94,-0.46,4.84,2.84,4.54,3.44,3.54,3.14,1.84,1.34,1.24,0.64,0.04,-0.66,-1.66,-3.36,-4.26,-4.36,-4.26,-4.36,-4.76,-4.66,-5.26,-5.86,-4.76,-3.06,-2.06,-2.76,-4.56,-2.96,3.24,4.84,4.34,1.54
-3.96,-4.76,-4.46,-4.56,-4.36,1.74,4.74,5.04,2.14,1.64,2.04,2.34,1.64,0.64,-0.16,-1.16,-1.36,-1.76,-2.86,-1.06,0.04,0.74,-0.66,-0.06,-2.66,-1.46,-1.06,-2.06,-4.86,-4.36,-4.96,-4.46,-6.16,-5.86,-6.16,-3.76,-2.36,-2.26,-1.16,-3.26,-3.16,-1.56,-2.16,-2.16,-1.16,-1.56,-0.86,1.04,4.34,6.04,5.44,2.34,4.24,4.24,-1.16,-0.46,0.44,-0.06,0.74,1.14,-0.16,-1.36,-1.66,-2.66,-3.16,-4.06,-4.66,-5.06,-5.36,-6.06,-6.76,-6.36,-7.16,-6.86,-0.96,-3.76,-5.06,4.64,3.94,1.84,1.24,1.04
-4.96,-5.26,-4.76,-4.06,-2.06,4.34,2.84,3.44,2.64,1.84,0.84,0.84,-0.76,-0.86,-0.66,-1.36,-1.26,-2.46,-1.86,0.44,0.94,0.94,1.24,-3.26,-1.56,-0.26,-0.96,-3.06,-4.56,-3.86,-4.76,-5.76,-4.86,-6.06,-5.36,-3.06,-4.96,-3.16,-0.66,-0.96,-2.86,-2.46,-0.46,-1.66,0.04,-1.86,1.44,1.64,0.64,0.74,-0.76,1.34,0.74,-0.76,-0.86,-0.76,0.14,0.84,-0.56,-0.56,-1.36,-3.06,-3.36,-3.46,-3.56,-3.86,-4.86,-5.16,-5.56,-6.16,-6.96,-5.06,-5.96,-5.56,0.14,-0.96,-0.66,0.74,2.84,0.54,2.24,1.74
-5.36,-5.26,-4.16,-4.86,3.84,3.04,1.44,2.74,2.94,0.54,0.24,-1.36,-3.06,-2.46,-2.06,-1.36,-1.66,-1.16,-1.56,-0.46,-0.36,0.34,-1.06,-2.96,-2.36,-1.46,-2.76,-5.16,-5.06,-4.26,-4.16,-7.16,-5.66,-5.26,-6.66,-4.86,-2.46,-0.66,-1.96,-1.86,-3.06,-0.16,6.14,1.04,0.54,1.34,3.14,2.84,2.64,2.24,0.24,-0.36,-1.76,-0.56,-0.06,0.94,0.64,-0.46,-1.26,-2.66,-3.06,-2.96,-3.26,-3.46,-3.86,-4.36,-4.66,-4.86,-5.46,-5.76,-4.96,-4.56,-4.36,-3.86,-1.56,1.04,2.54,-1.86,0.84,-0.96,3.94,8.54
-4.36,-4.56,-6.26,1.94,1.14,0.84,0.94,2.14,2.34,1.34,-1.46,-3.06,-3.86,-4.56,-3.76,-2.26,-1.56,-1.76,-1.96,-2.06,-1.36,-2.56,-5.76,-3.16,-1.06,-1.56,-3.76,-4.06,-4.96,-4.76,-4.56,-5.16,-5.36,-4.86,-5.46,-5.26,-2.96,-0.46,1.04,-0.26,0.64,1.34,9.94,9.14,1.24,1.34,0.24,0.64,-0.46,-3.16,-1.56,-0.66,-1.06,0.04,0.34,0.14,-1.06,-1.56,-2.66,-2.76,-3.16,-3.66,-3.06,-2.86,-3.56,-3.86,-4.46,-5.46,-6.16,-5.36,-4.66,-4.26,-3.96,-2.76,-1.36,1.44,-0.16,-0.56,0.84,3.34,5.14,6.74
-4.46,-3.66,-3.46,1.04,1.64,2.44,0.34,1.54,0.34,-1.96,-2.76,-0.06,1.14,-0.86,-4.66,-3.66,-1.76,-1.96,-2.56,-3.16,-1.36,-0.26,-2.46,-1.16,1.84,-2.96,-4.16,-4.66,-4.46,-4.66,-4.66,-4.46,-5.26,-4.26,-3.86,-2.76,-1.86,1.34,-1.36,-0.46,1.44,-0.36,2.14,10.54,0.94,-1.26,-2.36,-1.16,-1.26,-1.56,-1.06,0.04,-0.56,-0.26,0.14,-1.66,-2.36,-2.96,-3.46,-3.36,-3.26,-3.56,-2.96,-3.16,-3.16,-4.16,-4.36,-5.66,-5.56,-4.66,-4.06,-3.36,-3.06,-2.56,-2.66,-0.16,-0.16,1.74,2.54,0.24,2.44,5.64
-3.66,0.54,1.84,1.24,2.84,2.34,2.94,0.64,-2.16,-1.86,-1.66,-2.66,-2.76,-1.46,0.24,-2.16,-2.16,-1.26,-0.56,-1.56,-3.16,-2.26,-1.76,-0.26,-4.36,-5.46,-3.86,-4.26,-4.56,-3.86,-3.66,-3.86,-3.56,-4.16,-2.96,-1.26,0.44,-1.96,0.54,1.84,1.44,4.34,2.74,2.24,0.34,-1.66,-1.66,-2.36,-2.36,-2.66,-1.56,1.94,-0.76,0.34,-2.56,-2.96,-3.26,-3.26,-3.56,-3.76,-4.16,-3.66,-3.06,-2.96,-3.86,-4.26,-4.56,-4.46,-4.16,-4.36,-4.06,-4.16,-3.86,-3.76,-2.96,-3.86,0.04,0.64,1.64,1.64,3.54,4.24
3.14,2.44,0.84,2.04,2.84,2.04,1.54,2.54,1.14,1.84,-1.66,0.54,0.64,-0.26,-0.46,-1.06,-1.96,-0.66,-0.76,-1.46,-1.76,-0.76,-0.86,-1.36,-2.36,-3.66,-4.16,-4.46,-5.86,-4.06,-3.06,-2.96,-3.76,-3.06,-0.66,-0.56,-0.06,-0.26,-0.06,-0.06,0.64,0.74,-0.76,-0.26,0.54,-1.36,-1.86,-1.86,-0.46,1.04,-0.16,-2.06,-1.56,-1.56,-3.46,-3.46,-2.96,-2.66,-3.36,-3.66,-3.36,-3.06,-3.06,-3.96,-3.96,-4.26,-4.26,-4.36,-4.16,-4.66,-4.66,-4.06,-4.06,-3.06,-2.26,-1.76,-0.56,0.34,0.74,0.34,3.14,3.64
3.84,3.14,4.14,6.34,4.74,4.04,2.24,1.44,1.44,1.74,2.04,3.84,1.04,0.54,-0.86,-1.46,1.04,0.34,-1.36,-1.16,-0.46,-1.06,-0.86,-0.16,-1.66,-1.96,-4.26,-5.86,-4.56,-2.26,-2.56,-2.66,-2.56,-2.36,0.04,1.34,-0.06,0.34,0.14,1.04,-0.96,-2.56,-1.46,-0.06,-1.86,-1.26,-0.36,-0.56,-0.86,-0.16,-1.36,-3.56,-2.56,-2.76,-3.56,-3.46,-2.96,-3.46,-3.46,-3.66,-3.26,-3.06,-3.36,-3.46,-3.46,-3.26,-3.76,-4.06,-4.46,-3.66,-3.36,-2.56,-3.06,-3.46,-3.96,-2.96,-3.76,-0.76,0.54,1.34,2.44,3.34
3.94,2.44,4.14,3.54,4.24,3.94,3.64,3.14,2.34,0.44,3.74,2.34,1.54,1.34,-0.36,1.14,-0.16,1.44,-1.16,0.94,-0.16,0.64,-0.16,0.64,-0.66,-1.46,-3.16,-3.26,-2.26,-2.26,-2.36,-2.46,-2.36,1.24,1.04,-0.66,0.94,-0.06,1.94,-1.96,-1.16,1.34,0.04,1.24,-3.16,0.04,0.54,2.14,1.04,-2.66,-2.46,-3.36,-2.46,-2.86,-2.46,-2.76,-2.96,-3.56,-3.96,-3.66,-3.06,-3.56,-3.56,-3.26,-3.36,-3.36,-3.36,-3.66,-3.26,-2.96,-2.76,-3.16,-2.86,-3.56,-3.96,-4.56,-3.06,-0.36,0.24,2.34,1.54,2.54
4.34,0.44,4.14,2.94,2.84,3.44,3.84,2.74,1.94,3.34,1.84,0.84,0.74,1.24,2.24,1.94,1.44,1.44,1.54,1.24,0.64,-0.36,-1.66,-1.66,-2.46,-2.26,-2.16,-2.06,-2.26,-1.56,-0.96,1.54,0.44,-1.46,-0.06,0.84,-0.06,0.84,0.34,-0.66,-0.66,0.34,-1.06,-0.46,2.34,3.74,2.14,2.24,-1.26,-2.26,-3.86,-3.06,-2.56,-2.26,-2.26,-2.66,-2.66,-3.36,-3.36,-3.36,-4.46,-4.36,-3.96,-3.36,-3.46,-3.46,-3.26,-2.66,-2.46,-2.86,-3.06,-2.66,-2.46,-2.96,-2.76,-3.16,-3.76,-2.86,0.84,1.94,0.64,0.84
4.44,1.84,1.84,1.14,1.04,0.44,0.94,2.04,3.04,5.04,1.64,0.94,-0.46,0.74,0.54,1.74,1.34,2.44,1.74,-0.06,0.94,0.84,-0.66,-0.26,-0.36,-1.46,-2.06,-2.26,-0.86,0.04,-0.06,-1.96,2.54,3.14,1.44,1.24,-1.26,0.04,-0.16,-0.06,0.64,-1.86,-2.26,1.34,3.84,3.04,2.24,1.04,-0.06,-0.96,-2.46,-2.16,-2.16,-2.16,-2.46,-2.26,-2.56,-1.66,-2.36,-4.16,-4.66,-4.96,-4.46,-3.96,-3.76,-3.26,-3.76,-3.36,-2.96,-3.16,-3.26,-3.06,-3.06,-2.66,-1.96,-1.36,-1.56,-1.26,-0.56,1.44,0.14,0.64
2.24,3.24,5.94,5.74,4.94,1.74,0.54,1.64,3.34,0.64,0.84,0.24,-0.66,-0.86,0.54,1.54,2.04,2.24,2.34,2.24,1.74,-1.26,-1.06,-0.96,-0.86,0.64,-0.86,-0.76,-0.06,-0.66,1.04,0.94,2.14,3.74,4.54,2.64,-0.26,-1.06,2.04,-0.56,-0.16,-1.66,0.04,3.14,4.24,0.94,1.54,0.54,-0.26,-1.36,-2.26,-1.56,-1.86,-2.56,-2.46,-1.96,-2.36,-2.26,-3.06,-3.76,-3.56,-3.86,-3.46,-3.26,-2.56,-2.06,-2.26,-2.56,-2.96,-3.56,-2.36,-2.86,-1.86,-1.16,-1.16,-1.06,0.14,0.64,0.44,-0.06,-2.56,-2.56
4.44,4.94,4.74,4.54,3.34,4.04,1.64,2.14,1.64,1.64,0.04,-0.16,-0.76,0.84,0.54,0.74,0.64,0.84,2.44,1.44,0.64,2.04,-0.26,0.94,1.14,0.54,1.04,0.64,0.34,0.34,0.34,-0.06,-0.06,1.74,4.54,0.64,2.54,-1.26,-1.36,-0.66,-1.66,-0.76,-0.16,3.94,6.04,4.14,1.14,0.24,0.34,-0.96,-1.26,-1.06,-1.76,-1.06,-0.26,-0.96,-2.06,-2.56,-2.96,-3.06,-3.36,-3.36,-2.56,-2.86,-1.96,-1.86,-2.06,-2.06,-1.16,-1.26,-1.86,-0.86,-1.56,-0.96,0.94,0.34,1.24,1.04,0.04,-0.16,1.44,2.24
4.64,4.04,2.84,3.34,3.74,1.54,3.34,4.34,4.84,3.34,0.94,1.14,1.04,1.34,1.04,1.24,1.04,0.54,0.94,0.84,1.44,1.24,1.04,0.34,0.54,0.64,-0.66,-0.66,0.44,0.64,-0.86,0.94,0.84,1.74,0.44,4.24,4.44,1.44,-0.26,-1.36,-0.66,2.54,6.54,4.94,2.54,2.54,0.74,0.34,-1.06,-1.16,-1.06,-1.86,-1.06,-0.76,-1.06,-1.06,-1.36,-1.56,-1.26,-1.66,-1.76,-2.16,-2.16,-2.56,-1.06,-0.46,-0.96,-1.46,-1.96,-0.96,0.44,0.44,0.94,1.14,1.34,1.34,1.74,1.24,1.74,2.44,3.24,3.34
3.44,3.74,3.34,2.04,1.84,4.34,4.74,4.64,3.24,3.24,2.94,0.34,1.04,0.44,1.04,0.04,0.14,0.54,0.84,1.14,1.24,1.44,1.34,1.24,1.34,-0.06,0.84,0.84,0.34,0.64,0.74,0.84,1.94,1.14,-0.56,-0.76,0.74,5.84,0.24,0.94,1.14,2.34,4.64,3.74,1.64,1.74,0.84,0.74,0.84,0.44,0.04,0.24,0.14,-0.76,-1.06,-2.06,-1.96,-1.76,-1.46,-1.76,-1.26,-0.96,-1.16,0.14,-0.96,-1.26,-1.46,-1.36,-1.56,-0.36,-0.26,0.44,1.04,1.94,1.74,1.14,1.54,2.24,2.34,3.04,3.74,3.64
2.54,2.24,1.84,2.44,3.54,4.54,4.94,3.94,3.24,2.94,0.54,1.04,1.14,0.54,0.54,0.14,0.74,0.54,0.74,1.24,1.34,1.04,1.34,0.14,0.34,0.44,0.34,0.14,1.14,0.24,0.34,-0.16,2.04,0.74,0.04,-0.86,5.14,-0.86,0.34,2.64,2.44,1.84,2.74,1.44,0.44,0.64,1.04,0.84,0.14,-0.36,-0.56,-0.06,-0.26,-0.26,-0.66,-1.56,-1.46,-2.06,-1.86,-0.96,-0.86,-0.76,-0.36,0.74,0.24,0.04,1.24,1.44,1.04,0.84,1.54,1.34,1.34,1.24,1.44,1.54,1.14,1.24,2.64,3.34,3.24,3.04
3.84,2.84,2.44,4.94,4.64,6.94,5.74,5.14,1.84,1.54,-0.06,0.04,0.34,0.44,1.24,0.64,0.84,0.74,0.84,0.74,1.04,0.54,0.54,1.14,1.14,0.64,-0.36,0.84,0.64,-0.36,-0.76,1.34,0.94,0.34,0.84,-0.56,4.94,1.84,2.54,3.64,2.74,2.04,0.64,0.24,0.94,1.04,0.84,0.64,-0.56,-1.16,-1.66,-1.46,-0.96,-0.76,-0.86,-1.36,-1.66,-1.16,-1.76,-1.36,-0.36,-0.06,0.44,0.44,0.44,1.54,1.04,1.44,1.84,2.34,2.34,2.14,1.94,2.04,1.84,1.74,1.94,2.14,2.44,2.34,2.34,2.74
2.94,3.74,4.74,8.14,6.44,8.44,7.24,2.74,3.74,3.04,-0.46,0.34,-0.56,-0.26,-0.26,-0.16,0.04,0.14,0.34,0.04,-0.26,0.84,1.04,0.64,0.84,1.14,1.04,1.44,0.74,0.44,-0.76,0.74,1.14,3.44,1.54,-1.96,0.14,1.34,-0.66,1.74,3.34,3.44,1.54,2.24,1.34,0.74,0.04,-0.36,-0.86,-1.46,-1.66,-2.06,-1.56,-2.26,-2.26,-2.96,-2.06,-1.66,-1.16,-1.56,-1.36,-1.06,-0.16,0.44,0.54,0.64,0.74,0.24,0.24,0.74,1.14,1.04,1.04,1.54,1.44,1.34,1.04,1.44,1.74,1.74,2.24,2.24
2.94,2.24,2.34,4.34,4.24,-1.96,-3.76,0.24,0.94,1.54,0.64,-0.46,0.04,-0.16,-0.76,-0.66,0.04,-0.06,-0.16,-0.46,0.04,0.44,0.54,0.94,1.14,0.84,1.54,0.64,0.04,0.74,1.54,0.54,4.44,2.94,2.84,-0.46,-0.66,-1.46,1.74,2.84,2.54,1.64,2.24,2.64,1.74,1.34,1.04,-0.56,-1.26,-1.76,-2.56,-2.76,-3.36,-3.06,-3.36,-3.06,-3.46,-3.06,-2.26,-1.66,-1.86,-1.56,-1.56,-1.46,-0.56,-0.06,-0.06,0.34,-0.26,-0.16,0.24,1.04,1.44,1.54,1.34,1.74,1.24,1.24,1.04,1.14,1.34,1.54
0.34,-1.76,-2.86,-8.26,-5.76,-5.56,-6.16,-5.16,-3.56,-2.56,-0.36,-0.66,-0.36,0.74,-0.06,0.14,0.14,-0.66,-0.16,0.24,0.94,0.74,0.74,1.14,0.44,1.04,1.04,0.64,0.84,0.04,-0.36,1.14,1.24,1.64,-0.56,-0.06,-1.76,-0.26,1.04,3.14,2.74,2.44,3.84,3.54,2.54,1.64,1.24,1.34,1.04,0.94,0.34,-1.16,-2.26,-2.06,-2.36,-2.46,-1.56,-2.06,-2.16,-2.16,-1.86,-1.26,-2.06,-1.76,-0.46,0.04,0.04,-0.46,-0.66,0.04,0.44,1.64,1.74,1.84,2.34,1.44,1.84,0.74,1.34,1.54,2.04,2.14
1.04,-0.86,-4.36,-7.56,-8.66,-7.46,-6.46,-6.06,-4.66,-3.06,-1.96,0.24,-1.16,-0.76,-0.56,-0.26,-0.06,-0.46,-0.46,0.14,0.44,-1.06,-0.46,-0.46,0.74,1.04,0.24,0.24,0.64,0.24,0.44,0.94,0.54,0.94,-0.16,0.14,0.94,1.44,-0.96,4.34,2.44,3.34,3.74,4.04,3.74,3.44,2.44,2.54,1.94,2.44,0.74,-0.06,-0.16,-1.06,-0.56,-0.66,-0.76,-0.96,-1.56,-1.66,-1.36,-1.66,-1.06,0.24,0.64,1.34,-0.86,0.14,-0.16,0.44,1.74,2.14,2.14,3.14,2.84,2.44,1.74,1.54,1.24,1.44,1.94,2.04
2.84,2.64,0.54,-3.76,-7.66,-7.16,-5.06,-4.96,-3.76,-3.36,-3.06,-3.36,0.04,-0.96,-0.16,-0.36,0.14,-0.46,-0.36,0.14,0.14,0.74,-0.06,0.44,1.44,1.94,1.44,0.34,-1.56,-0.86,-1.16,-0.16,0.14,0.44,-0.66,0.84,2.34,1.24,1.04,1.44,3.64,3.44,3.54,3.04,3.44,3.04,2.44,2.54,2.14,2.04,1.54,0.94,-0.16,-1.36,0.24,0.94,0.64,0.24,0.24,-0.66,-0.66,-1.86,-0.36,0.14,0.54,0.24,-0.06,0.64,0.34,1.04,2.14,2.24,3.04,2.94,2.34,1.74,1.34,0.74,0.84,0.84,1.14,1.64
4.84,3.74,2.24,-0.76,-4.46,-4.46,-2.96,-3.86,-2.86,-3.16,-3.36,-3.26,-0.96,-0.16,0.84,1.24,0.64,0.74,0.64,0.54,0.44,0.64,0.84,1.14,0.74,0.94,1.44,1.54,-0.16,-0.46,-0.66,0.34,1.14,1.24,2.14,0.34,-1.46,1.24,1.64,1.94,2.84,3.84,3.64,3.74,3.34,2.54,1.94,1.94,2.54,2.34,2.54,1.74,2.04,1.34,0.24,0.24,-0.16,-0.46,-0.36,-0.66,-0.16,-0.16,0.34,0.64,0.34,0.34,-0.86,0.04,-0.06,1.64,1.94,2.64,2.74,2.34,2.94,1.84,-0.06,-0.56,0.04,0.34,0.64,1.74
3.94,3.34,1.84,2.64,1.54,1.64,-0.96,-1.16,-1.56,-3.16,-2.86,-2.16,-0.96,-0.46,1.04,1.14,0.34,0.54,1.14,0.84,0.94,0.64,1.24,1.64,0.84,0.94,0.34,1.34,0.24,1.04,1.74,1.04,1.74,0.84,1.54,0.94,0.34,0.74,0.74,3.84,3.64,3.44,3.54,3.74,3.44,2.74,2.04,1.34,2.04,1.44,2.14,2.44,2.34,1.94,1.04,-0.06,-0.76,-1.36,-1.56,-0.46,-0.56,0.24,0.34,0.44,-0.16,0.04,0.94,1.94,1.74,0.94,1.04,2.04,2.44,1.94,2.84,0.84,-0.46,-0.26,-0.36,0.14,0.94,1.04
4.34,4.74,3.14,1.54,0.84,1.54,1.84,0.94,0.14,-0.26,0.14,-0.86,-1.66,-1.16,0.04,0.44,-0.16,-0.06,0.04,0.54,1.14,0.74,0.64,0.44,0.94,0.74,0.84,1.24,0.94,1.14,0.84,0.84,0.84,0.94,0.64,0.34,0.24,1.54,0.24,1.84,3.24,3.64,4.34,4.14,3.44,2.44,2.84,0.64,1.24,2.84,2.64,2.44,1.74,1.74,0.84,-1.46,-2.26,-1.76,-1.06,-0.56,-0.56,-0.16,-0.76,-0.56,-0.96,-0.26,-0.26,0.04,-0.06,-0.16,0.54,1.24,0.84,2.04,2.34,0.64,-0.06,0.04,-0.16,0.04,-0.26,0.84
3.44,4.94,4.14,1.94,2.14,2.84,3.04,2.34,2.54,2.04,2.14,0.94,-0.26,-0.86,-0.26,-0.36,0.54,0.14,-0.16,0.54,0.44,0.94,0.24,0.04,0.34,1.24,0.74,0.74,1.54,-0.46,-1.16,-1.16,5.94,0.14,1.84,0.94,0.94,-0.16,1.64,1.14,3.24,3.14,3.14,3.74,2.84,3.44,2.24,2.24,2.94,3.24,3.64,2.74,2.64,2.24,1.34,0.54,-1.16,-1.16,-1.56,-0.66,0.24,-0.76,-1.36,0.14,-0.26,-0.16,0.84,-0.06,0.44,0.44,0.84,0.64,0.54,0.94,1.14,0.54,-0.06,-0.66,-0.46,0.74,-0.16,2.04
3.54,4.54,5.54,4.04,2.84,3.04,3.74,4.14,3.54,3.44,3.14,2.24,1.74,1.14,-0.96,-0.46,-0.76,-0.06,-0.56,-0.36,0.44,0.64,0.54,-0.16,0.54,0.74,0.54,0.84,1.84,2.04,1.24,0.84,0.54,1.04,1.74,0.64,0.94,0.64,1.14,1.44,4.44,2.54,2.24,2.94,2.84,2.84,2.84,3.34,3.94,3.94,3.54,2.64,2.64,1.84,1.84,1.34,0.94,0.24,-0.46,0.74,0.84,0.04,1.04,0.34,0.64,-1.26,-1.26,0.04,0.24,-0.56,0.04,-0.16,-0.06,0.64,0.54,0.14,-0.16,0.34,0.54,0.54,1.64,1.04
4.04,3.64,4.64,4.54,4.34,3.44,4.24,3.24,2.34,3.34,2.74,2.44,2.94,2.44,-0.56,0.24,0.24,-0.96,0.24,0.44,0.64,-0.26,1.24,1.44,0.84,0.94,2.44,1.34,1.14,1.34,1.34,-0.06,0.24,-0.46,5.34,-0.56,0.14,0.54,0.94,1.04,3.64,3.44,3.44,2.74,2.54,2.14,2.44,3.24,4.24,4.44,4.14,3.24,2.64,2.24,2.14,2.64,1.94,1.84,1.44,1.14,1.14,2.04,3.14,2.44,2.14,1.44,1.74,2.14,1.74,0.64,0.34,0.14,-0.76,0.14,-0.16,-0.56,-0.86,-1.06,-1.06,0.24,0.24,1.14
2.84,2.04,2.64,2.64,3.14,3.14,3.74,3.64,2.94,2.64,2.94,2.74,2.44,2.24,0.94,0.84,0.04,1.24,-0.16,0.14,-0.76,0.24,0.14,0.24,0.24,1.24,0.94,1.24,0.64,1.04,0.94,0.44,3.04,-0.06,-0.96,-0.26,-1.16,-0.06,-0.06,0.44,1.14,1.34,2.14,2.84,1.04,0.54,0.34,3.84,4.14,5.64,5.84,5.44,4.14,3.54,3.24,2.14,2.04,2.14,1.54,1.64,1.74,3.34,3.74,2.64,3.74,3.04,3.64,3.64,2.64,1.64,0.34,0.64,-0.06,0.14,-0.16,-1.06,-0.96,-0.96,-0.76,-0.16,0.34,0.84
3.14,2.74,2.54,3.14,3.34,3.64,3.44,3.34,4.24,4.14,4.14,3.54,3.44,3.64,0.54,0.24,0.14,-0.46,0.84,-0.06,-0.26,0.24,1.14,-0.06,0.44,-0.76,-0.16,0.84,1.34,0.34,1.54,1.54,0.34,1.34,0.94,-1.06,0.04,0.24,0.64,1.04,1.04,2.44,2.44,1.14,0.54,0.34,1.64,3.34,1.24,5.34,7.14,5.84,5.64,5.64,5.34,4.94,3.24,2.64,2.34,3.14,3.64,2.84,3.14,3.44,3.24,3.74,2.74,4.34,2.94,1.54,1.94,1.84,2.24,1.14,0.24,-0.66,-0.96,-1.06,-0.86,-0.06,1.14,3.04
2.14,2.44,2.44,3.04,3.44,4.14,4.24,4.64,4.84,4.84,4.24,3.34,3.04,1.04,0.04,-0.16,-0.96,0.14,-0.16,-0.26,-0.66,0.44,1.54,0.14,-0.16,-1.16,0.04,-0.46,-0.26,0.64,1.64,1.74,1.54,0.74,1.14,-0.46,-0.86,0.34,1.14,1.34,1.74,3.64,2.64,1.54,0.74,0.94,1.04,1.54,0.14,1.34,9.14,6.34,5.24,5.14,5.04,4.14,4.34,3.14,3.04,3.64,3.74,4.94,2.34,1.74,2.94,2.74,4.24,3.44,2.14,1.74,1.54,2.44,1.64,1.04,1.04,0.14,-1.16,-1.06,0.14,1.64,1.04,1.14
2.94,2.74,2.34,3.24,4.34,4.54,5.44,5.04,4.84,4.74,4.74,4.24,3.84,0.24,-0.26,-1.06,-0.46,-0.76,-1.56,-0.26,-1.16,-0.26,-0.66,-0.26,-0.16,0.84,-0.06,0.14,0.54,0.84,-0.26,0.54,1.64,-0.66,0.54,1.04,-0.76,-0.66,-0.06,1.44,1.24,4.34,4.24,3.34,2.34,1.24,2.14,1.34,0.54,0.94,0.84,5.54,5.24,4.04,4.04,3.84,3.14,3.54,2.64,2.94,3.94,2.74,2.94,3.44,3.84,2.24,3.14,2.94,2.24,1.84,1.84,1.94,1.44,0.94,0.84,0.84,0.44,0.84,1.34,0.84,1.54,2.44
3.54,3.14,3.04,3.34,4.64,5.54,5.44,5.74,6.24,5.94,5.34,5.54,2.44,-0.36,-0.26,-0.16,-1.16,-0.76,-1.96,-1.96,-1.36,-0.16,-0.36,1.44,-0.46,0.74,0.34,-0.16,-0.26,1.14,0.44,-0.06,0.64,-0.26,-0.56,-0.76,-0.36,0.64,0.94,0.94,1.44,4.24,4.94,4.44,4.34,3.14,2.04,3.54,1.14,-0.46,1.04,3.94,3.74,3.94,2.54,2.64,2.04,1.74,1.34,2.54,2.44,2.34,2.14,1.84,1.84,1.64,2.24,2.24,2.64,2.54,3.14,2.94,2.24,1.14,1.04,1.54,2.14,2.54,2.74,1.04,1.74,3.14
3.74,3.54,3.44,3.94,4.74,5.44,6.34,6.34,5.74,5.74,5.94,5.54,-0.66,-0.16,-0.36,-1.36,-1.86,0.14,-1.76,-1.26,-1.26,-0.06,1.14,-0.46,-0.36,-0.76,-0.36,0.04,1.04,-0.76,0.34,0.24,0.94,1.14,0.54,-0.86,-0.36,0.44,-0.56,-0.46,0.74,3.94,5.04,5.54,5.64,3.74,1.04,0.24,1.24,1.04,1.24,2.54,2.84,2.94,3.74,2.04,0.54,1.04,1.34,1.14,1.04,0.74,1.64,2.04,2.34,1.54,1.84,1.34,1.44,2.24,2.84,3.14,3.64,2.84,2.14,3.14,2.64,2.14,2.74,2.94,2.84,2.54
1.24,2.14,2.74,4.44,4.74,5.04,6.44,6.64,6.54,6.34,6.54,7.64,-0.26,-0.06,-1.96,-0.06,-0.26,-0.26,1.74,-1.06,-1.66,-0.46,-0.96,-1.26,-0.26,-1.86,-0.56,-0.86,-1.96,-0.46,-0.26,-0.36,0.64,1.44,2.04,0.94,0.14,-0.96,-1.46,0.94,2.74,3.94,4.94,5.54,6.34,1.14,1.24,0.54,-0.16,-0.26,0.64,1.94,1.84,2.84,2.44,1.64,2.04,1.74,0.64,1.94,2.24,1.34,1.24,2.44,2.04,0.84,1.14,0.84,0.94,2.04,2.14,2.14,2.54,2.64,2.04,1.44,2.44,2.24,2.54,2.44,1.74,2.24
