gfs.json
{"header": {"discipline": 0, "disciplineName": "Meteorological products", "gribEdition": 2, "center": "kwbc", "centerName": "US National Weather Service - NCEP(WMC)", "subcenter": 0, "refTime": "2026-04-09T12:00:00.000Z", "significanceOfRT": 1, "significanceOfRTName": "Start of forecast", "productStatus": 0, "productStatusName": "Operational products", "productType": 1, "productTypeName": "Forecast products", "productDefinitionTemplate": 0, "productDefinitionTemplateName": "Analysis/forecast at horizontal level/layer at a point in time", "parameterCategory": 2, "parameterCategoryName": "Momentum", "parameterNumber": 2, "parameterNumberName": "U-component_of_wind", "parameterUnit": "m.s-1", "genProcessType": 2, "genProcessTypeName": "Forecast", "forecastTime": 0, "surface1Type": "sfc", "surface1TypeName": "Unknown", "surface1Value": 10, "surface2Type": 255, "surface2TypeName": "Missing", "surface2Value": 0, "gridDefinitionTemplate": 0, "gridDefinitionTemplateName": "Latitude_Longitude", "numberPoints": 65160, "shape": 6, "shapeName": "Earth spherical with radius of 6,371,229.0 m", "gridUnits": "degrees", "resolution": 48, "winds": "true", "scanMode": 0, "nx": 360, "ny": 181, "basicAngle": 0, "subDivisions": 0, "lo1": 0.0, "la1": 90.0, "lo2": 359.0, "la2": -90.0, "dx": 1.0, "dy": 1.0}, "data":
[rows 35 to 69 of 181, columns 237 to 315 of 360]
-0.03,0.37,0.97,1.27,1.07,0.37,-0.43,0.17,2.27,1.47,2.27,2.07,2.37,2.67,2.27,2.67,3.07,2.97,2.87,1.57,1.07,1.37,1.17,0.67,0.87,1.37,1.07,1.47,1.07,0.67,0.67,0.87,0.17,-0.33,-0.63,-1.93,-2.93,-2.83,-3.33,-3.83,-4.53,-6.33,-6.83,-6.83,-5.73,-7.63,-6.13,-5.03,-3.93,-4.63,-4.13,-2.93,-1.43,-0.63,0.47,1.77,2.87,3.77,6.57,6.17,7.77,7.87,9.97,9.97,10.67,10.47,10.17,10.07,11.67,12.67,13.17,13.47,13.67,13.27,13.67,13.87,12.27,13.47,11.77
0.27,-0.53,-0.93,0.77,0.77,1.87,1.07,1.67,1.57,1.47,2.67,3.07,2.67,2.97,3.17,3.27,2.07,2.57,2.07,1.97,1.67,1.87,1.67,1.37,0.97,0.87,1.27,1.37,1.17,0.77,0.57,-0.43,-0.53,-0.53,-0.33,-1.53,-3.33,-3.03,-4.43,-3.63,-4.43,-6.43,-7.93,-8.53,-7.33,-9.63,-8.93,-5.03,-5.53,-4.73,-5.43,-4.53,-2.73,-1.93,-1.33,0.87,2.27,2.67,4.07,6.67,7.87,10.07,6.57,6.57,7.97,7.47,7.97,9.87,8.57,8.07,12.17,13.37,13.07,13.37,14.07,14.57,14.57,12.47,13.67
1.07,-1.73,-1.23,1.27,0.17,-0.33,1.47,1.97,1.37,3.07,2.57,2.47,3.27,3.07,3.17,1.97,4.57,2.87,3.07,2.47,1.47,1.77,2.57,1.97,1.67,1.87,0.67,0.97,0.87,1.07,0.97,0.27,0.47,-0.13,-1.83,-1.33,-1.43,-2.73,-3.13,-3.73,-3.73,-7.53,-9.23,-10.03,-9.43,-9.93,-8.73,-8.43,-6.63,-6.73,-4.93,-3.63,-4.63,-2.13,-1.03,-0.13,0.87,2.07,3.17,3.47,4.87,5.87,6.07,5.97,7.17,6.67,6.97,5.57,7.57,6.87,7.27,10.27,12.27,13.47,14.07,14.07,14.47,12.07,13.67
-0.53,-0.03,-0.33,-1.13,-0.83,-0.93,1.27,1.47,1.77,1.97,1.67,2.37,2.67,2.97,3.27,3.97,4.07,2.07,2.17,2.17,3.07,1.77,2.77,0.67,1.67,2.07,2.17,0.67,1.07,1.57,1.07,1.47,0.57,0.37,-0.33,-0.13,-0.73,-1.23,-1.73,-2.13,-5.93,-5.63,-7.63,-7.93,-7.43,-5.33,-4.63,-5.93,-5.43,-5.73,-5.43,-5.13,-2.73,-1.33,-1.23,-0.83,-0.53,1.07,1.97,3.37,4.47,4.77,5.97,5.67,6.07,6.17,9.07,8.07,7.47,6.17,7.87,6.67,7.97,11.57,12.57,13.97,13.47,13.37,12.77
0.17,-0.03,0.07,-0.03,-1.13,-1.13,1.57,-1.23,1.17,1.57,1.87,2.17,2.67,3.57,4.07,3.37,3.27,2.87,2.37,1.37,2.87,2.27,2.27,2.37,3.07,2.67,2.77,1.57,1.67,2.27,1.97,2.17,1.67,1.27,1.17,0.67,0.57,0.57,-0.03,0.17,0.37,-0.23,-0.13,-0.73,-1.03,-2.53,-2.83,-2.63,-4.33,-4.83,-4.23,-4.23,-2.53,-0.93,-1.23,-1.03,-0.13,0.07,0.57,2.57,2.37,2.77,3.67,4.57,5.17,8.17,6.07,4.17,8.17,9.17,7.17,7.27,8.47,10.87,12.17,13.37,13.97,13.67,14.17
-1.53,-1.23,-0.03,0.27,-0.23,-0.23,0.27,2.07,0.17,1.37,2.67,3.37,3.67,3.47,3.27,2.87,2.87,2.67,3.37,2.47,2.87,2.57,1.17,2.47,2.47,3.47,3.17,2.07,2.07,2.77,2.37,2.57,2.77,3.07,2.47,2.37,3.07,3.57,4.67,3.37,3.27,2.57,1.17,0.67,0.17,-0.53,-1.13,-1.53,-2.73,-4.13,-3.93,-2.83,-1.83,-1.43,-0.93,-0.63,-0.13,-1.23,0.17,-1.43,-0.43,2.17,3.87,4.27,5.87,7.87,10.57,7.07,12.77,13.57,9.07,7.57,9.37,10.37,11.27,11.67,11.67,13.57,12.97
-0.83,-1.63,-1.63,1.77,-0.03,0.17,0.07,-0.93,-1.43,-0.83,1.07,2.17,2.77,1.37,2.17,2.67,2.77,3.17,2.37,2.27,2.17,2.57,1.47,2.37,2.37,3.67,3.57,3.37,5.17,3.37,3.57,3.67,4.57,4.37,5.47,2.47,4.47,3.37,4.77,4.97,3.47,2.37,0.97,0.67,1.07,0.47,0.77,-0.63,-1.43,-1.53,-3.23,-3.53,-1.43,-1.73,-1.13,-1.33,-1.03,0.77,0.67,4.27,3.67,3.37,5.27,6.57,8.07,6.37,9.67,5.47,6.17,5.57,8.37,8.97,8.37,7.27,9.77,10.27,11.27,11.37,10.77
1.77,-0.83,-1.03,1.17,-0.93,-0.23,-0.63,-0.33,-0.33,-1.93,-0.73,0.77,-1.13,0.77,-0.13,0.27,0.57,0.07,0.57,0.77,1.57,1.67,1.97,2.67,2.87,3.07,2.67,4.97,6.57,4.27,4.27,4.37,6.07,6.17,7.67,12.77,13.77,10.77,7.17,4.97,3.47,1.87,1.07,0.97,1.17,1.47,-0.03,0.07,-0.93,-1.63,-1.03,-0.03,-0.53,-0.23,-1.83,-0.43,0.07,1.27,3.97,4.57,5.07,6.07,6.57,7.57,6.17,8.27,6.87,6.37,5.67,4.47,6.37,8.07,7.97,7.87,8.37,9.17,8.77,9.67,8.97
-0.53,-1.83,0.57,0.27,-1.23,-1.93,-1.43,-1.03,1.27,-1.33,-0.83,1.37,0.77,2.37,-0.93,-1.63,-0.33,-0.63,-0.53,-0.13,0.27,0.37,1.17,2.37,3.47,3.47,2.97,3.77,3.67,3.67,4.57,5.97,10.47,12.67,11.27,11.27,11.87,12.47,8.07,4.77,3.67,1.47,1.67,2.07,0.97,-0.43,0.87,-0.43,-0.43,-0.53,-1.53,-1.93,-0.53,-1.33,-0.93,-0.73,0.07,1.17,2.37,4.37,5.67,5.87,5.07,4.67,5.57,6.47,6.67,5.87,5.67,4.77,3.67,5.07,5.57,6.77,6.57,7.27,7.27,7.37,6.87
0.27,-1.73,-1.63,1.27,-1.53,-2.23,-0.33,-0.53,0.07,-1.33,1.77,2.17,1.07,0.47,0.67,-1.13,-2.83,-3.03,-2.23,-1.63,-1.13,-1.13,0.37,1.07,2.97,3.07,4.27,3.97,5.27,5.37,5.57,4.37,5.17,4.87,5.37,4.47,3.87,5.27,5.87,4.67,3.67,4.17,3.37,2.67,0.77,1.57,-2.53,-1.33,-0.63,-1.13,-0.13,-1.93,-0.63,-1.23,-0.43,1.27,0.77,1.37,1.57,2.57,3.17,4.07,1.47,2.57,4.07,3.87,3.77,3.17,2.77,3.57,3.97,3.67,3.07,4.37,5.27,4.77,3.97,4.87,4.67
-0.03,-1.23,-0.73,-1.33,-1.33,1.97,0.37,-2.03,1.27,1.57,1.67,0.97,1.27,0.07,-0.33,-0.33,-0.63,-2.23,-2.93,-3.63,-3.13,-1.83,-1.03,0.27,1.27,0.97,3.07,3.27,4.07,4.87,4.67,5.07,5.07,5.87,5.47,5.87,8.07,9.07,4.77,2.97,3.47,3.67,7.57,1.07,0.07,-0.93,-0.13,0.77,0.27,-0.33,-0.83,-0.83,-0.93,-0.63,0.57,0.77,0.67,2.07,0.47,0.67,1.07,1.77,3.27,1.87,-0.43,-0.23,0.17,0.17,0.27,1.37,2.97,3.37,2.77,1.87,1.37,1.87,2.37,2.27,4.27
-0.23,-1.93,0.77,-0.43,0.17,0.57,0.87,-1.73,-0.63,1.37,2.47,-2.23,-1.33,0.97,1.07,2.07,3.47,-1.93,-3.93,-1.83,-1.53,-3.63,-2.33,-1.13,-0.43,0.37,1.67,2.17,2.87,3.37,4.67,4.77,4.57,4.37,5.87,7.07,7.27,4.07,3.17,6.27,9.27,1.77,2.27,2.87,-1.03,-2.63,-2.23,-0.73,-0.33,-0.33,-0.23,-0.83,0.17,0.97,2.27,1.67,0.97,-0.43,-0.93,-1.83,-3.43,-1.83,-2.33,-2.83,-3.13,-2.73,-2.13,-1.83,-1.23,-1.03,0.07,-0.63,-1.13,-1.23,-0.53,0.47,2.37,6.97,8.97
-0.83,-0.13,0.87,0.67,0.07,-0.13,-0.73,2.97,0.07,2.67,5.17,0.67,-0.93,-0.33,3.17,2.47,2.07,-1.13,-1.73,-5.23,-3.83,-4.43,-3.33,-2.33,-2.03,-1.03,-0.03,0.87,1.57,1.97,2.47,2.77,2.37,3.17,4.27,5.37,5.97,2.37,6.17,4.07,3.17,3.07,0.57,2.07,0.67,1.17,-1.63,0.17,-1.93,-1.33,-0.13,1.17,1.47,2.87,1.47,0.67,-0.63,-2.03,-3.13,-2.33,-3.03,-4.93,-5.33,-5.13,-4.73,-4.63,-4.23,-4.33,-3.93,-3.63,-3.83,-3.93,-3.53,-2.63,-0.73,1.77,4.47,4.47,4.27
-1.03,-0.83,-1.43,1.67,1.27,0.27,1.47,0.67,1.07,-0.13,0.77,-0.03,0.27,3.27,2.87,4.17,3.57,4.17,2.77,-1.73,-1.43,-4.03,-4.13,-4.23,-3.33,-2.33,-2.23,-0.73,0.37,0.67,1.37,1.77,2.57,3.17,2.97,2.47,5.77,4.57,5.17,4.07,2.77,0.97,-0.33,-1.33,-1.13,0.27,-0.33,-0.63,-0.83,0.27,0.57,0.67,0.27,-0.73,-1.33,-2.13,-2.53,-2.03,-2.73,-4.93,-6.13,-7.33,-8.03,-8.03,-7.63,-7.53,-7.43,-7.03,-6.63,-6.33,-5.93,-4.93,-4.23,-2.33,1.17,1.37,0.77,1.07,1.17
-0.93,-1.63,-1.63,1.37,0.77,1.27,0.47,-0.33,0.57,0.97,0.17,-0.23,-0.53,1.57,0.37,0.87,-1.13,1.67,1.77,0.67,0.37,-1.13,-2.93,-5.43,-4.13,-4.33,-3.33,-1.43,-1.83,-0.23,0.97,1.17,1.17,0.87,1.77,3.97,4.27,5.47,3.77,2.77,1.87,0.27,0.57,-1.13,-1.93,-1.33,-0.93,-0.53,0.07,0.27,-0.93,-1.83,-3.03,-4.03,-4.63,-5.23,-5.13,-6.03,-7.23,-7.93,-8.63,-9.73,-10.23,-10.33,-9.93,-9.63,-9.63,-9.33,-8.33,-7.83,-6.63,-5.63,-3.93,-4.23,-4.53,-3.03,-1.93,-1.53,8.27
-0.73,-1.03,-0.33,0.77,1.97,2.87,2.17,0.87,-1.83,0.87,0.27,-0.13,1.17,0.67,0.17,-1.03,2.87,0.27,-0.03,-1.13,-1.03,-0.93,-3.23,-3.13,-3.23,-3.43,-2.53,-2.33,-1.73,-0.93,1.17,2.47,2.17,2.07,3.37,4.17,2.17,3.07,3.27,2.57,0.37,-0.63,0.57,-0.53,-1.63,-0.73,-0.23,-1.03,-0.93,-2.13,-2.93,-4.53,-5.63,-5.93,-6.43,-6.73,-7.63,-8.73,-9.53,-10.03,-10.33,-10.93,-11.43,-11.43,-11.43,-11.03,-10.73,-10.03,-9.53,-9.33,-8.13,-8.43,-8.73,-7.83,-4.33,5.77,4.57,5.37,5.67
-0.53,1.57,-2.13,1.07,1.27,0.67,-0.43,1.67,-0.83,0.67,0.27,1.57,0.67,-0.93,-1.23,-0.13,0.57,2.17,3.07,2.87,-1.63,-1.83,-3.13,-2.53,-2.03,-2.43,-1.23,-0.13,0.47,1.47,1.47,1.27,1.87,2.07,1.67,1.67,1.57,2.77,2.27,1.17,0.07,-0.33,-0.33,-1.43,-0.53,-0.63,-0.83,-1.23,-3.13,-3.93,-5.13,-6.43,-7.33,-8.23,-8.43,-8.63,-9.33,-10.13,-10.53,-11.13,-11.23,-11.53,-11.63,-12.23,-11.73,-11.63,-12.03,-11.73,-11.73,-10.83,-11.33,1.97,4.37,2.97,3.27,3.37,3.97,3.37,3.47
-0.13,1.47,-0.63,-2.23,1.97,1.47,2.37,-0.53,-0.33,0.17,-2.43,-0.53,0.37,1.47,0.47,-1.03,1.57,-0.33,3.27,-0.13,0.87,-0.33,-1.33,-1.73,-1.53,-0.53,-0.33,-0.23,0.87,0.27,0.47,0.17,1.07,0.37,1.07,1.67,1.27,1.87,2.47,0.87,0.07,-0.63,-1.63,-0.13,-0.03,-0.23,-0.43,-4.03,-5.03,-5.93,-7.33,-7.93,-8.53,-9.23,-9.83,-10.03,-10.23,-11.13,-11.63,-11.83,-12.03,-12.13,-12.23,-11.13,-11.33,-12.33,-12.03,-11.33,-8.03,-2.03,2.57,0.97,0.37,1.37,1.57,2.97,2.47,1.57,2.57
-1.03,-0.13,2.17,2.07,-2.63,2.57,-0.13,0.87,-0.93,-1.83,-1.43,2.57,-0.33,2.27,-1.93,-2.33,-2.03,2.17,3.17,1.77,2.67,3.27,0.57,-0.43,-0.63,-1.73,-0.73,-0.73,-0.63,-1.03,-1.23,-0.23,0.27,0.57,0.27,0.07,0.67,0.17,0.37,-0.53,-0.63,-0.93,-0.33,0.17,-0.83,-0.63,-0.73,-6.13,-5.33,-7.53,-8.23,-8.93,-9.53,-10.23,-10.53,-10.93,-11.23,-11.73,-11.93,-12.03,-11.83,-11.73,-11.73,-10.63,-12.73,-12.23,-9.73,1.47,3.87,2.17,0.97,0.17,0.07,0.37,0.67,1.67,2.97,1.97,2.27
1.17,4.57,1.17,1.57,0.57,4.27,3.37,-1.83,1.87,-1.93,0.67,1.97,0.87,2.37,2.17,2.27,-1.53,-1.43,2.67,3.67,2.47,2.67,-0.33,-0.13,0.57,-0.33,-0.83,-0.63,-2.13,-0.73,0.57,-0.33,-0.83,-1.23,-1.23,-1.33,-0.23,-0.43,-0.53,0.87,-1.43,-0.23,-0.53,-1.53,-1.43,-2.03,-1.93,-5.63,-5.63,-8.43,-9.23,-9.83,-10.13,-10.53,-10.23,-11.03,-11.63,-11.53,-11.03,-11.23,-11.13,-11.73,-11.13,-10.63,-10.63,4.47,5.07,3.97,2.57,2.27,1.47,-0.13,-0.73,-0.63,-0.03,-0.03,0.47,1.47,0.47
3.07,3.27,3.67,-0.73,2.27,4.07,4.37,-2.03,2.27,-1.83,0.37,-0.83,2.77,-0.03,0.57,2.77,1.37,-1.93,-0.03,2.87,2.27,2.47,-0.03,-1.43,-0.83,-0.23,-0.13,-0.43,-1.03,-1.03,-0.73,-0.93,-1.83,-1.93,-1.73,-2.83,-1.93,-1.93,0.37,-1.23,-0.13,-1.23,-1.63,-1.13,-2.73,-2.33,-1.23,-6.43,-8.23,-9.53,-9.63,-9.93,-10.13,-10.33,-10.73,-10.53,-10.73,-10.83,-10.83,-11.53,-9.93,-10.33,-10.13,-8.43,1.87,3.77,3.27,1.47,1.27,1.37,0.87,-0.83,-1.73,-1.43,-1.43,-0.93,-0.93,-1.03,-1.93
3.87,3.37,4.57,9.17,-2.33,0.47,-0.53,1.27,2.47,-1.73,0.47,-1.53,-1.53,-2.23,1.47,1.07,0.17,0.07,1.77,-0.43,0.57,0.57,2.97,-0.13,-1.13,-1.13,-0.93,-1.43,-1.93,-1.83,-1.13,-1.03,-1.83,-2.63,-2.83,-3.03,-2.53,-1.93,-3.23,-3.33,-2.13,-2.23,-2.43,-2.63,-2.73,-2.13,-6.53,-8.83,-8.93,-9.43,-9.63,-9.53,-9.33,-9.33,-9.83,-10.23,-10.43,-10.73,-10.03,-9.93,-12.33,-11.93,-7.63,2.37,2.37,2.47,0.97,0.57,0.47,0.17,-0.13,-1.63,-2.53,-2.73,-2.63,-2.33,-1.73,-2.23,-2.73
3.97,4.07,4.47,7.07,6.27,1.77,-0.13,1.87,3.67,0.77,0.97,-0.13,0.57,0.97,-1.73,-1.33,-1.63,-2.23,1.27,-3.63,-0.93,-0.13,1.57,0.27,-1.23,-0.43,-1.03,-1.13,-1.03,-0.93,-0.73,-1.63,-2.73,-2.93,-2.33,-2.63,-2.93,-3.63,-2.63,-2.23,-2.73,-3.23,-2.23,-2.03,-7.53,-8.13,-9.13,-9.03,-9.13,-8.73,-8.93,-7.83,-8.83,-9.03,-10.43,-9.93,-9.33,-9.63,-10.73,-9.53,-6.83,-1.53,3.17,3.27,2.57,0.67,-0.53,-0.93,-0.93,-1.03,-0.83,-1.93,-2.73,-3.03,-3.73,-4.03,-3.63,-3.73,-3.63
3.47,3.77,4.27,5.87,6.37,5.37,1.57,3.57,0.77,-0.63,-1.43,-0.53,1.07,1.47,0.97,0.17,-1.53,-2.03,-1.63,-2.93,-5.03,-2.03,-0.73,-0.73,-0.93,-1.23,-1.13,-1.93,-1.73,-1.63,-1.73,-2.13,-2.43,-2.63,-2.23,-3.23,-3.23,-3.33,-3.63,-4.63,-3.43,-3.33,-2.73,-9.43,-9.13,-9.73,-9.43,-8.73,-8.03,-8.33,-7.43,-8.13,-9.43,-9.53,-8.93,-9.13,-10.53,-8.33,-7.63,-4.83,-2.43,0.97,0.27,3.37,1.27,-1.03,-1.33,-1.53,-2.63,-1.63,-2.03,-3.33,-4.03,-4.33,-4.23,-4.43,-4.93,-4.83,-5.33
3.07,3.17,3.47,4.27,4.57,5.07,2.77,1.27,1.07,-1.93,-1.33,-1.53,-0.33,0.97,0.67,1.77,1.97,-1.73,-1.63,0.77,-5.33,-4.23,-2.03,-1.53,-3.13,-2.33,-2.03,-2.73,-1.73,-1.73,-1.83,-3.03,-2.33,-2.23,-2.03,-1.73,-3.33,-3.93,-5.13,-4.43,-3.23,-1.93,-6.93,-9.43,-9.13,-10.23,-10.33,-9.83,-8.23,-8.53,-8.23,-9.03,-9.23,-8.73,-9.13,-8.53,-6.53,-4.83,-1.33,4.67,4.67,1.37,2.27,0.67,-0.83,-1.83,-2.43,-1.83,-2.73,-2.73,-3.73,-4.43,-5.23,-5.43,-5.53,-6.23,-6.53,-6.23,-5.93
2.37,2.57,3.17,3.47,3.47,4.77,3.27,4.97,1.97,1.37,-1.53,-2.13,-1.13,-0.03,-1.73,2.17,0.17,0.67,-2.13,-1.53,-1.53,-6.33,-4.23,-2.33,-2.93,-2.43,-3.03,-3.03,-2.93,-3.23,-2.63,-3.13,-3.43,-5.73,-10.33,-10.03,-9.93,-10.03,-3.73,-5.03,-3.33,-1.93,-8.13,-11.03,-11.93,-11.53,-10.93,-10.43,-9.83,-9.53,-9.93,-8.43,-9.33,-7.83,-8.33,-6.23,-1.83,1.67,3.17,4.37,2.07,1.17,-0.23,-0.83,-2.23,-2.63,-3.13,-3.13,-3.43,-4.33,-3.53,-3.03,-5.53,-5.43,-6.03,-6.63,-7.23,-8.03,-6.93
1.57,1.37,2.37,2.97,3.17,3.47,3.47,4.97,6.87,1.27,1.87,-1.13,-1.73,-1.53,-1.83,1.37,0.57,-0.33,-3.03,-1.13,-1.43,-0.73,-2.53,-3.53,-3.93,-2.93,-3.03,-3.43,-7.73,-6.93,-7.53,-9.23,-9.53,-9.73,-10.23,-11.23,-11.53,-11.63,-10.93,-9.33,-6.33,-4.13,-4.63,-11.13,-11.83,-11.93,-11.83,-11.83,-9.83,-9.83,-9.63,-9.23,-8.13,-6.23,-4.43,-2.03,1.07,2.27,1.57,1.97,0.47,-0.13,-1.63,-1.23,-2.23,-3.53,-4.13,-3.43,-4.93,-5.33,-4.63,-3.63,-6.03,-6.43,-6.83,-7.73,-7.53,-10.13,-8.23
0.27,1.07,1.57,1.87,2.47,3.07,3.77,3.17,-1.13,2.07,4.07,-1.73,-2.13,-0.83,-1.03,-1.23,2.17,0.47,-1.13,-2.33,-2.83,-1.83,-3.83,-3.63,-2.73,-2.23,-4.23,-4.73,-6.33,-6.73,-6.03,-7.13,-7.53,-8.23,-10.63,-11.43,-11.83,-11.63,-11.13,-10.13,-8.13,-4.93,-3.13,-9.13,-10.63,-11.53,-11.43,-10.03,-9.73,-8.73,-7.23,-7.63,-5.83,-4.13,-2.43,1.37,1.77,2.07,1.57,-0.13,-0.53,-2.03,-2.03,-2.53,-3.63,-4.43,-4.73,-4.53,-5.33,-5.53,-5.23,-5.23,-5.93,-7.13,-7.83,-9.33,-8.43,-10.03,-9.63
-1.13,-0.33,0.27,1.87,1.67,2.17,3.07,4.57,4.57,-2.73,-0.13,0.17,-4.63,-2.83,-0.93,-1.53,1.37,1.07,-2.23,-1.03,-3.73,-1.63,-1.03,-5.13,-5.03,-2.33,-3.13,-4.53,-6.03,-5.93,-5.33,-5.93,-5.33,-6.03,-7.43,-9.43,-9.83,-10.93,-10.43,-9.93,-7.93,-3.33,-4.93,-9.43,-11.83,-11.73,-10.93,-9.73,-9.23,-7.13,-5.73,-2.73,-2.03,-1.03,0.57,0.97,0.77,0.57,-0.33,-0.53,-2.03,-3.23,-3.73,-3.83,-4.13,-5.23,-6.13,-5.93,-6.33,-6.93,-7.03,-6.43,-6.53,-7.13,-8.03,-9.53,-10.03,-10.53,-9.93
-1.83,-1.43,-0.83,0.07,0.77,1.57,0.77,2.87,4.47,3.07,3.47,-1.43,-1.33,-5.53,-1.93,-1.63,-2.63,2.27,1.37,-2.13,-4.03,-2.63,-1.53,-3.03,-4.63,-2.63,-4.83,-4.13,-5.23,-6.33,-6.43,-4.53,-6.13,-5.63,-5.93,-6.53,-7.53,-8.33,-10.03,-9.83,-7.53,-5.83,-2.93,-10.13,-9.93,-9.43,-6.53,-6.83,-6.43,-4.93,-2.33,-1.53,-0.23,0.57,0.17,-0.53,-0.53,-1.43,-1.33,-1.23,-3.23,-4.03,-4.53,-4.83,-5.73,-6.23,-6.63,-7.03,-6.93,-7.43,-8.23,-7.83,-7.63,-8.13,-8.83,-9.53,-10.23,-9.53,-10.33
-2.93,-2.53,-1.63,-0.93,-0.53,0.37,0.97,1.27,4.57,3.77,4.87,2.17,2.37,1.17,-2.43,-2.03,-1.13,-1.43,2.47,-0.73,-0.73,-3.53,-3.63,0.47,-2.83,-2.53,-4.93,-4.43,-3.93,-5.53,-6.23,-6.03,-5.03,-4.93,-5.23,-5.53,-6.43,-7.23,-7.53,-8.83,-7.83,-7.93,-4.63,-3.13,-1.03,-0.63,-2.53,-3.83,-4.83,-4.53,-2.73,-1.63,-0.33,-1.03,-1.33,-2.03,-1.73,-1.63,-3.23,-2.23,-3.53,-5.03,-5.83,-5.93,-6.43,-7.13,-7.43,-8.03,-7.63,-7.63,-7.93,-8.83,-8.03,-8.93,-9.13,-9.63,-9.83,-10.83,-10.83
-4.43,-3.03,-1.43,-1.03,-0.33,-0.63,0.37,0.07,3.07,3.17,4.17,3.77,4.07,2.27,-4.03,-4.63,-2.03,-2.33,2.37,-0.23,0.47,-2.13,-2.13,-1.33,-4.13,-1.73,-5.33,-5.63,-3.93,-2.83,-5.23,-5.93,-4.73,-5.13,-4.73,-5.13,-6.03,-6.43,-6.23,-5.33,-4.23,-2.43,-0.83,-1.63,-0.23,0.97,-1.13,-2.73,-3.73,-3.33,-2.23,-1.93,-2.33,-2.13,-1.73,-4.13,-2.93,-2.83,-3.03,-3.03,-3.73,-4.53,-5.63,-6.73,-7.13,-7.43,-8.53,-8.93,-8.23,-8.33,-7.43,-8.43,-9.73,-9.93,-9.73,-9.73,-9.83,-10.53,-10.23
-4.43,-3.73,-2.63,-2.33,-2.13,-0.83,-0.33,0.17,1.77,1.97,3.17,3.27,2.77,1.27,-2.43,-2.13,-1.63,-0.83,-2.03,-0.33,0.97,-4.13,-1.53,-1.33,-0.13,-0.33,-5.93,-5.73,-5.03,-4.13,-5.33,-4.43,-4.93,-5.03,-4.93,-5.03,-5.33,-4.93,-4.53,-3.93,-0.93,-0.43,0.87,0.77,-0.13,1.07,0.67,-1.23,-1.33,-2.53,-2.63,-3.23,-3.53,-3.53,-3.53,-3.83,-4.03,-3.93,-3.93,-4.03,-4.03,-4.13,-6.23,-6.93,-6.73,-7.13,-7.43,-9.73,-9.83,-8.53,-8.23,-8.03,-8.43,-10.63,-10.73,-10.03,-10.53,-11.13,-11.23
-4.93,-3.93,-4.03,-3.23,-3.13,-1.83,-1.33,-0.23,0.57,1.47,2.07,3.07,3.97,6.07,7.17,4.87,1.77,-2.23,-1.63,-0.23,0.97,-2.93,-1.13,-1.53,-0.33,-0.23,-5.73,-5.53,-5.33,-4.33,-3.83,-4.73,-5.23,-4.93,-4.73,-4.03,-3.73,-2.93,0.07,0.47,0.57,1.77,0.07,0.77,0.47,1.17,1.67,-1.43,-2.43,-2.13,-2.73,-5.33,-4.53,-4.63,-4.53,-4.33,-5.33,-4.63,-3.83,-4.83,-5.03,-5.03,-5.53,-6.53,-6.93,-6.93,-6.43,-6.03,-9.53,-8.73,-8.13,-7.93,-7.63,-6.83,-11.03,-11.13,-11.73,-11.83,-11.73
-4.63,-4.73,-4.83,-4.13,-4.03,-2.83,-2.13,-1.63,0.07,0.77,1.77,2.87,4.07,4.67,5.07,3.97,2.57,-0.93,-2.43,0.17,1.37,-0.63,-0.53,-1.63,-0.13,-0.43,-5.23,-5.13,-4.93,-5.03,-4.23,-3.83,-4.93,-1.13,-0.93,-0.43,0.07,-1.33,-0.03,0.57,0.47,1.17,0.77,0.87,0.57,0.17,1.37,0.97,-0.13,-2.73,-2.43,-3.83,-4.53,-3.83,-5.53,-5.83,-5.93,-5.63,-5.83,-6.13,-5.53,-5.33,-6.33,-6.33,-6.93,-7.33,-6.33,-6.23,-8.43,-8.73,-9.53,-9.13,-8.83,-7.43,-7.83,-9.13,-11.93,-12.83,-11.73
