gfs.json
{"header": {"discipline": 0, "disciplineName": "Meteorological products", "gribEdition": 2, "center": "kwbc", "centerName": "US National Weather Service - NCEP(WMC)", "subcenter": 0, "refTime": "2026-04-08T06:00:00.000Z", "significanceOfRT": 1, "significanceOfRTName": "Start of forecast", "productStatus": 0, "productStatusName": "Operational products", "productType": 1, "productTypeName": "Forecast products", "productDefinitionTemplate": 0, "productDefinitionTemplateName": "Analysis/forecast at horizontal level/layer at a point in time", "parameterCategory": 2, "parameterCategoryName": "Momentum", "parameterNumber": 2, "parameterNumberName": "U-component_of_wind", "parameterUnit": "m.s-1", "genProcessType": 2, "genProcessTypeName": "Forecast", "forecastTime": 0, "surface1Type": "sfc", "surface1TypeName": "Unknown", "surface1Value": 10, "surface2Type": 255, "surface2TypeName": "Missing", "surface2Value": 0, "gridDefinitionTemplate": 0, "gridDefinitionTemplateName": "Latitude_Longitude", "numberPoints": 65160, "shape": 6, "shapeName": "Earth spherical with radius of 6,371,229.0 m", "gridUnits": "degrees", "resolution": 48, "winds": "true", "scanMode": 0, "nx": 360, "ny": 181, "basicAngle": 0, "subDivisions": 0, "lo1": 0.0, "la1": 90.0, "lo2": 359.0, "la2": -90.0, "dx": 1.0, "dy": 1.0}, "data":
[rows 140 to 174 of 181, columns 237 to 315 of 360]
11.96,11.06,10.06,9.46,7.86,6.46,5.46,5.36,14.36,12.96,9.86,8.86,8.46,5.46,5.96,5.96,7.16,8.36,9.46,8.76,8.26,8.16,8.76,9.56,10.26,10.16,9.76,9.96,9.86,9.16,9.16,9.26,10.26,10.16,9.56,9.56,9.16,8.86,9.36,9.06,8.66,8.66,8.96,8.36,8.46,8.16,7.76,6.86,0.06,-1.24,1.76,0.56,1.56,3.76,1.66,1.56,1.86,2.86,2.86,2.06,3.86,5.06,5.06,5.76,6.56,7.36,7.86,8.16,8.76,8.96,9.26,8.96,8.66,8.56,8.06,8.26,8.66,9.16,9.06
12.46,11.76,10.56,9.46,8.76,6.46,4.26,1.96,-1.24,12.36,10.76,10.36,7.16,8.46,11.96,11.36,10.66,10.26,9.66,8.86,8.66,9.26,10.46,10.16,10.46,10.66,11.36,10.26,10.46,9.96,10.26,10.16,10.26,10.36,10.66,10.56,10.06,10.26,9.86,10.06,10.26,9.26,8.66,9.26,9.96,9.76,9.86,8.86,3.46,-0.04,3.06,2.26,3.26,4.86,6.76,5.76,5.46,6.96,6.46,5.96,5.86,5.56,6.16,7.46,8.16,8.66,9.46,9.86,9.96,9.16,9.16,8.86,8.86,8.36,8.16,8.86,9.26,9.56,9.66
13.26,12.46,10.96,10.16,9.06,6.96,4.76,1.96,-0.04,-1.64,-3.04,7.26,8.86,8.66,12.06,12.76,12.56,10.46,10.56,10.96,10.06,10.56,11.16,11.26,11.26,11.16,11.16,10.96,10.36,10.16,10.26,11.16,10.56,11.16,11.86,11.86,11.46,10.16,10.56,11.16,11.46,11.16,11.36,11.16,11.06,11.36,11.06,10.46,9.96,7.96,2.26,4.86,9.66,10.46,10.16,11.86,13.26,12.36,12.86,13.76,11.56,9.86,9.06,7.16,5.46,8.86,8.76,9.16,9.36,8.96,9.06,9.66,9.56,10.06,8.56,9.26,9.56,9.46,9.66
12.26,12.16,11.36,9.76,9.26,7.86,6.46,5.26,3.26,2.96,0.36,0.36,0.16,9.86,8.76,11.26,13.16,13.96,12.66,11.76,11.76,11.66,11.76,10.76,11.36,11.36,10.96,11.56,10.96,11.06,10.76,11.56,11.76,12.06,12.06,12.26,12.46,11.96,10.76,12.16,12.76,13.06,12.56,13.16,13.46,11.86,12.36,12.06,12.26,10.56,8.46,1.36,4.26,7.16,7.96,13.36,13.96,14.26,13.76,14.66,13.86,10.66,11.46,11.06,10.76,9.96,10.36,10.06,10.16,9.16,8.96,9.76,10.16,9.96,9.56,9.66,9.56,9.56,9.76
10.86,10.06,9.16,9.36,9.26,8.76,7.76,6.56,5.66,5.16,5.06,4.16,1.76,1.66,1.86,8.66,9.66,10.76,12.06,11.06,11.06,11.46,12.86,12.56,12.36,9.46,9.76,10.86,11.26,10.56,10.66,11.26,11.96,12.46,12.86,12.76,12.96,12.86,13.16,14.16,14.46,13.36,13.26,12.96,12.76,13.56,14.36,13.26,12.06,13.06,12.06,9.96,11.06,7.66,9.46,10.06,13.46,14.46,16.16,16.46,14.06,14.06,13.26,11.56,11.06,9.86,8.56,9.26,9.16,9.66,9.86,9.96,10.26,10.86,10.26,10.46,11.16,10.96,10.26
8.76,8.56,7.96,9.26,8.06,7.86,8.26,8.36,7.96,7.26,7.26,6.46,6.06,4.56,3.36,1.96,0.06,5.46,3.26,11.06,8.16,5.76,5.26,5.56,7.76,10.16,8.86,9.36,9.66,11.06,11.86,12.06,13.06,13.56,12.56,13.56,12.96,13.26,13.36,13.76,12.96,12.96,12.86,12.66,13.66,14.76,14.46,11.76,11.06,12.46,13.96,14.56,13.16,11.86,4.66,1.36,5.56,7.06,8.36,12.96,14.06,15.66,12.96,12.46,10.46,8.56,9.56,10.86,11.36,10.86,10.76,11.26,10.86,10.86,11.56,13.06,12.56,13.06,10.76
6.16,5.86,7.16,6.96,7.56,6.96,8.66,9.26,9.26,8.66,8.26,8.56,8.26,7.46,5.66,4.86,4.16,2.96,1.06,0.86,2.06,0.76,5.76,7.86,8.76,8.36,8.86,9.96,8.66,12.16,12.06,12.16,13.36,14.56,14.06,14.46,14.76,14.16,13.86,14.16,13.46,13.26,13.16,13.46,13.56,11.56,10.46,11.76,11.86,11.96,12.86,13.26,14.16,15.26,16.26,16.86,16.76,16.86,16.56,16.16,14.76,15.16,11.56,8.56,8.26,9.16,10.26,10.96,11.06,11.16,11.26,11.36,11.16,10.76,11.36,9.76,11.16,8.96,8.36
3.36,5.36,6.86,7.36,8.06,8.86,9.46,9.46,10.36,10.06,9.66,8.96,8.46,8.26,7.66,6.86,6.46,5.66,6.06,5.36,4.56,4.46,4.76,5.56,6.56,7.76,8.46,8.56,8.66,9.06,10.96,12.26,13.26,14.06,15.16,14.96,16.26,15.76,15.06,14.66,13.96,13.26,12.96,12.06,11.76,11.76,11.16,11.16,10.66,11.56,12.46,13.66,14.36,15.56,16.46,16.96,17.46,17.16,18.16,16.06,16.46,15.16,16.66,15.56,13.76,12.56,10.36,9.86,10.86,11.46,10.96,11.06,10.36,11.46,12.16,12.26,12.66,12.96,13.56
5.76,6.76,7.96,8.66,9.36,9.46,9.86,9.76,10.16,10.36,9.86,10.56,9.96,9.46,9.06,8.86,8.36,8.16,7.96,7.56,6.96,7.26,7.36,8.56,8.56,8.96,9.36,10.36,11.36,12.46,13.66,14.16,15.86,17.36,17.66,17.66,17.86,18.06,17.66,16.26,14.56,13.86,12.16,11.56,10.86,10.36,9.86,10.36,10.96,11.86,12.86,13.86,15.06,16.26,17.26,18.06,18.16,18.26,17.66,16.86,17.06,15.16,15.56,10.26,11.36,10.56,9.56,9.26,9.46,10.46,11.46,11.36,11.06,11.76,11.96,12.06,12.16,12.66,12.26
1.96,5.96,7.06,8.16,8.56,10.26,10.36,10.06,10.16,11.06,11.76,11.86,11.56,11.16,10.16,9.46,9.36,9.66,10.16,10.16,9.86,9.16,8.46,9.86,10.16,10.26,10.96,11.56,12.16,13.46,15.76,17.76,19.56,21.36,20.16,19.56,19.26,18.46,17.46,18.86,14.76,14.36,11.96,11.16,9.66,8.56,9.26,10.26,11.86,12.36,13.16,14.16,15.36,15.86,17.16,16.16,16.16,16.16,17.56,17.66,16.66,15.66,6.36,8.46,6.46,6.96,8.56,9.06,11.66,11.56,12.16,12.16,11.96,11.56,12.56,13.26,13.26,13.26,13.26
5.76,7.46,7.96,8.96,9.66,9.76,10.06,9.66,9.36,10.36,10.46,10.66,10.86,11.06,10.56,9.96,9.76,10.06,9.66,9.86,9.86,10.06,10.36,10.56,11.46,12.26,13.16,13.56,14.96,16.46,17.26,19.36,19.26,19.26,19.46,18.56,17.56,17.26,16.56,13.16,16.26,13.26,8.26,4.56,6.86,7.96,10.06,10.86,11.46,12.26,12.76,13.56,13.26,12.46,12.96,12.96,11.56,14.76,11.06,6.56,5.46,3.26,2.16,3.56,5.26,6.06,9.26,10.96,12.66,12.56,12.36,12.66,12.06,11.26,12.46,13.96,13.96,13.46,12.86
8.56,8.96,9.46,9.46,8.56,9.86,9.56,9.26,7.86,6.76,7.46,7.46,7.36,8.66,8.36,7.96,8.16,8.96,9.56,11.06,10.96,10.56,10.96,11.66,11.66,11.86,12.76,13.86,14.96,15.66,17.06,19.46,21.96,17.96,12.16,13.06,13.36,12.56,11.36,7.66,-0.24,1.76,5.06,6.06,7.26,8.36,9.16,10.36,12.06,13.06,12.76,12.86,12.36,10.56,10.26,9.26,8.26,3.86,2.56,2.26,1.96,2.66,3.26,4.46,7.26,9.06,10.66,11.06,9.86,8.16,10.56,12.46,12.36,12.86,13.16,13.26,12.26,12.46,11.26
10.36,8.86,8.16,8.76,9.16,7.86,4.06,4.06,3.86,4.36,3.06,2.46,1.96,2.46,3.06,3.66,4.36,5.86,6.76,8.16,10.16,10.36,10.76,11.46,12.26,12.76,12.96,12.16,11.96,11.86,12.66,8.96,6.36,7.96,10.26,11.16,7.76,-1.74,-2.64,-0.24,2.56,3.66,4.66,6.16,6.56,8.46,9.66,11.36,12.46,11.76,11.56,10.96,9.96,8.76,8.26,7.96,5.96,4.76,2.86,2.06,1.96,3.16,4.96,7.26,4.86,4.56,7.16,9.66,9.76,10.36,11.26,11.36,10.46,10.86,10.56,10.46,10.06,9.06,7.56
-5.34,-6.64,-4.04,1.36,-0.14,-1.24,1.26,-2.24,-3.74,-4.44,-5.64,-5.14,-3.84,-2.04,-0.04,1.76,3.56,5.56,5.36,7.26,6.36,9.36,11.36,11.86,11.96,11.66,10.46,9.06,8.36,7.16,4.16,-1.64,-3.84,-3.84,-3.54,-2.74,-1.34,0.86,1.56,1.96,2.66,3.76,5.16,6.36,8.06,9.56,10.16,9.26,10.06,10.06,8.46,7.56,8.76,8.26,7.06,5.66,1.36,0.46,0.46,1.66,2.66,3.46,4.76,6.26,6.66,5.06,4.86,2.96,3.16,7.66,11.06,12.16,12.36,11.76,10.26,9.76,7.96,6.66,4.16
-12.14,-12.24,-11.64,-11.34,-10.84,-9.54,-8.64,-7.44,-6.14,-4.84,-3.74,-3.04,-2.54,-1.74,-0.54,0.16,1.96,4.46,5.86,6.76,7.36,7.16,7.06,7.96,8.46,7.36,7.26,7.26,6.96,6.26,4.86,3.26,2.26,2.06,1.56,1.56,2.16,3.06,3.66,4.26,4.86,5.56,6.06,6.66,8.46,8.36,6.96,7.26,6.06,8.16,10.06,9.26,4.66,3.46,-3.24,-2.34,-0.64,-0.64,-1.74,1.56,1.56,-1.44,-0.44,-2.14,2.76,3.06,0.66,6.26,9.46,9.76,6.86,5.36,5.46,5.56,6.46,2.56,-0.54,-1.54,1.86
-8.84,-9.24,-8.94,-8.54,-7.84,-6.94,-5.94,-5.04,-3.94,-2.84,-1.84,-1.14,-0.24,0.16,0.56,1.36,1.96,3.66,4.86,4.76,4.86,4.16,4.26,3.66,3.66,3.86,4.66,4.66,4.46,4.46,4.16,3.66,3.16,2.96,2.96,4.06,5.16,5.36,5.76,5.96,6.46,7.06,6.66,6.16,5.86,7.46,4.26,3.26,0.36,-1.34,-4.14,-5.74,-5.54,-3.74,-4.04,-4.04,-2.24,-4.74,-4.34,-3.64,-3.54,2.66,2.16,5.16,6.46,6.76,7.56,6.96,4.16,3.46,2.56,0.96,-0.14,-2.34,-3.54,-4.74,-4.44,-3.64,-3.74
-6.54,-6.54,-6.54,-6.14,-5.64,-4.74,-3.74,-2.74,-1.74,-1.14,-0.54,0.36,0.56,0.96,1.56,1.66,2.36,2.96,2.96,3.06,2.06,3.76,4.76,4.96,4.26,3.16,3.26,3.06,2.66,2.56,2.66,2.86,3.06,3.36,3.86,4.86,6.66,5.26,7.56,4.86,3.86,3.16,-1.84,-1.84,-2.14,-2.94,-3.14,-3.04,-2.94,-2.24,-2.44,-2.64,-3.34,-4.24,-5.74,-6.14,-5.94,-4.04,-2.94,-2.64,3.76,3.96,3.16,5.56,5.26,2.76,0.66,-0.14,-0.84,-2.04,-3.14,-4.34,-3.64,-5.94,-6.64,-6.14,-5.74,-5.64,-5.64
-2.24,-1.74,-0.44,0.36,-2.94,-2.34,-1.84,-0.94,-0.14,0.26,0.26,0.86,1.76,2.06,2.46,1.96,2.06,2.66,2.86,3.66,4.36,5.16,6.66,4.96,2.76,1.86,1.46,0.76,1.36,2.06,0.56,-0.04,1.36,1.46,3.36,-2.34,-5.24,-5.24,-5.44,-5.24,-5.04,-4.54,-3.84,-3.24,-2.94,-2.64,-2.34,-2.04,-1.84,-1.54,-3.34,-3.24,-4.44,-5.54,-5.54,-1.24,-1.54,-3.84,3.96,4.26,5.46,4.56,2.66,0.76,-1.44,-2.54,-3.14,-3.74,-4.44,-5.44,-6.54,-7.34,-8.24,-9.14,-9.74,-10.14,-10.64,-10.74,-10.74
2.46,2.36,1.56,-0.84,-1.14,-0.74,-0.34,0.26,0.66,1.16,1.76,1.96,2.16,2.86,3.16,3.46,3.36,3.96,3.96,4.56,4.56,2.96,-4.04,-5.34,-6.44,-6.34,-6.24,-6.84,-7.54,-7.84,-8.04,-7.54,-6.74,-6.04,-5.44,-5.04,-4.34,-4.14,-3.84,-3.54,-2.44,-1.84,-3.24,-2.04,-0.54,-0.84,-1.14,-1.44,-1.74,-1.94,-2.64,-2.74,-2.34,-5.04,-5.34,-3.74,-4.74,-0.24,1.66,-1.14,-2.34,-1.74,-2.54,-3.84,-4.54,-4.74,-5.04,-5.54,-6.24,-6.74,-7.44,-8.14,-8.64,-9.24,-9.24,-9.44,-9.34,-9.34,-9.04
0.26,0.96,2.66,2.36,1.76,0.86,0.76,0.76,1.16,1.46,1.66,2.06,3.06,3.46,4.06,4.26,4.96,4.96,5.46,3.56,0.76,-3.44,-4.84,-6.04,-6.34,-6.64,-6.44,-6.54,-6.44,-6.34,-5.94,-5.44,-4.74,-4.14,-3.54,-3.24,-2.74,-2.14,-0.24,0.06,-0.14,0.56,1.46,-0.54,-0.84,-0.34,-1.14,-2.44,-8.14,-9.84,-10.24,-6.54,-3.14,-0.34,-1.54,-1.74,-2.44,-3.64,-2.34,-0.34,-1.74,-1.84,-1.64,-3.44,-4.24,-4.54,-4.94,-5.64,-6.24,-6.24,-6.74,-6.94,-7.24,-7.44,-7.94,-8.04,-8.24,-7.74,-7.64
0.96,-1.84,-3.24,-3.04,-2.24,-2.34,-0.84,0.46,1.36,1.76,2.56,3.26,3.66,3.56,3.66,3.86,4.66,5.26,3.56,0.36,-1.94,-2.64,-2.84,-5.04,-6.44,-6.44,-6.84,-6.84,-6.74,-6.54,-5.94,-5.04,-3.84,-3.14,-2.24,-1.04,-1.24,-2.04,-2.24,-2.04,-1.84,-0.74,-2.24,-2.44,-2.54,-3.64,-4.84,-4.94,-5.04,-4.54,-3.34,-3.44,-1.74,-2.34,1.46,-2.54,-5.74,-4.04,-4.34,-0.64,1.26,0.86,0.06,-1.94,-3.04,-3.44,-4.24,-5.04,-6.04,-6.44,-6.44,-6.14,-6.24,-6.34,-6.54,-6.64,-6.54,-5.94,-5.04
-3.54,-3.44,-2.64,-1.54,-0.54,0.46,1.36,2.16,2.66,3.16,3.86,4.16,4.36,4.56,4.46,3.86,3.36,3.36,2.16,1.46,-1.74,-3.94,-7.34,-9.14,-9.14,-8.54,-8.04,-7.64,-7.44,-7.24,-6.84,-7.14,-6.64,-5.54,-5.14,-5.14,-4.94,-5.14,-5.64,-7.14,-7.94,-8.24,-8.14,-9.14,-9.74,-9.44,-7.94,-4.44,-2.94,-2.84,-3.34,-2.34,-2.14,-2.04,-0.14,0.36,-2.94,-3.54,-6.24,-3.54,0.76,1.06,0.36,0.86,-2.04,-3.04,-3.44,-4.14,-4.74,-4.94,-5.34,-5.54,-5.34,-5.24,-5.04,-4.84,-4.24,-4.14,-4.24
-0.94,-0.44,0.26,0.96,1.56,2.26,2.36,2.86,3.76,4.86,5.66,5.36,5.06,4.96,4.56,4.16,4.46,4.36,3.36,-3.74,-4.64,-5.64,-7.04,-6.04,-5.24,-3.04,-4.04,-7.04,-9.94,-11.14,-11.34,-11.44,-10.94,-10.44,-11.24,-12.04,-11.64,-11.34,-10.84,-10.84,-11.04,-11.14,-10.94,-10.44,-9.54,-7.94,-6.44,-4.24,-1.94,-0.34,-0.94,-1.24,-1.14,-1.04,0.16,-1.24,-1.04,-7.94,-9.24,-4.94,2.46,1.46,1.16,0.16,-1.54,-2.44,-2.74,-3.44,-4.14,-4.04,-4.84,-4.84,-4.34,-4.04,-4.04,-3.84,-4.24,-4.44,-3.84
1.16,1.46,1.76,2.06,2.76,3.36,4.26,5.06,5.56,5.46,4.36,4.26,4.86,4.06,4.26,0.26,-2.84,-5.94,-7.54,-9.64,-8.94,-9.24,-8.64,-8.74,-9.14,-9.44,-10.24,-11.14,-11.14,-10.04,-8.84,-8.14,-7.84,-8.04,-8.14,-6.24,-6.04,-6.44,-5.44,-4.04,-4.24,-5.04,-4.44,-4.14,-3.84,-0.64,-0.34,-0.34,-3.44,-0.64,-1.64,-3.44,-4.34,-3.64,-3.84,-4.04,-4.74,-3.74,-3.64,-2.64,2.06,1.16,1.56,0.86,-0.04,-2.04,-2.54,-2.74,-3.14,-3.44,-3.74,-4.14,-4.04,-3.54,-3.64,-3.64,-4.14,-2.94,-2.34
-1.34,-1.94,1.86,1.26,3.96,3.96,2.96,3.56,1.96,1.46,-0.24,-7.14,-5.54,-5.34,-5.54,-7.34,-8.14,-7.54,-7.24,-7.14,-8.74,-8.74,-8.74,-8.14,-8.84,-7.34,-5.24,-5.14,-7.54,-6.94,-5.74,-6.04,-6.74,-6.64,-5.94,-7.04,-6.94,-5.64,-4.64,-6.04,-4.84,-3.84,-9.84,-7.84,-3.34,0.16,0.46,-2.04,-5.24,-4.04,-4.54,-4.54,-5.04,-4.74,-5.04,-4.84,-4.44,-0.74,0.26,1.06,1.46,2.66,1.86,0.56,-0.34,-1.94,-2.54,-2.94,-3.04,-3.44,-3.54,-3.64,-3.64,-3.94,-3.84,-3.34,-2.24,-1.54,-0.94
-4.04,-4.64,-5.74,-5.74,-5.14,-6.94,-7.64,-6.84,-4.24,-7.24,-11.54,-10.44,-10.34,-8.24,-10.94,-10.94,-11.04,-11.34,-10.64,-9.84,-8.04,-5.44,-5.54,-3.14,-6.24,-7.34,-5.84,-5.14,-5.24,-5.24,-5.14,-5.44,-6.44,-7.24,-7.24,-7.84,-6.64,-4.34,-2.84,-1.64,-1.14,-0.24,-0.44,-0.44,0.36,0.76,1.66,1.76,0.56,-1.84,-1.34,0.16,-0.34,-0.14,-0.34,0.06,0.96,1.06,-0.74,0.26,1.36,1.86,1.26,1.56,-1.94,-2.84,-3.04,-3.24,-3.24,-3.24,-3.34,-3.44,-3.14,-2.44,-1.84,-1.14,-0.64,-0.54,-0.14
-6.74,-6.74,-7.04,-6.44,-5.94,-5.34,-4.84,-8.24,-7.94,-11.64,-12.14,-9.34,-8.34,-10.34,-10.24,-10.04,-10.04,-9.74,-9.14,-9.04,-9.54,-9.54,-8.94,-9.14,-8.84,-7.64,-8.24,-8.54,-7.74,-9.14,-9.44,-7.94,-7.84,-7.54,-6.34,-5.34,-4.14,-2.74,-1.44,-0.44,-0.04,0.16,1.56,1.16,0.46,0.96,0.66,-0.04,-3.54,-1.94,-4.14,-5.04,-4.74,-3.04,0.96,-1.44,0.96,2.66,2.66,2.06,1.16,-0.04,-0.94,-1.24,-2.04,-2.64,-2.64,-2.74,-2.94,-2.74,-2.34,-1.64,-1.34,-1.14,-0.94,-0.74,-0.84,0.06,0.46
-4.64,-5.04,-4.24,-2.34,-0.54,-5.34,-3.64,-4.54,-7.04,-8.84,-8.34,-8.64,-8.34,-8.04,-7.64,-7.44,-7.54,-7.54,-7.54,-7.34,-7.04,-7.54,-7.54,-7.34,-7.14,-7.04,-7.24,-7.44,-7.64,-7.24,-7.34,-6.94,-6.14,-4.94,-3.94,-1.14,-2.94,-4.64,-2.44,-1.44,-0.34,-0.64,-3.04,-2.84,0.66,2.26,0.96,0.46,0.56,0.66,0.76,0.86,1.26,1.26,0.76,0.46,0.26,0.16,0.06,-0.14,-0.44,-0.84,-1.84,-2.04,-2.14,-2.34,-2.34,-2.24,-2.24,-2.34,-2.54,-2.84,-3.14,-3.34,-3.04,-2.54,-2.54,-2.54,-1.94
-3.54,-4.14,-4.44,-5.74,-6.84,-7.14,-7.34,-7.54,-7.84,-7.94,-8.04,-8.04,-8.04,-8.34,-8.54,-8.54,-8.34,-8.14,-7.54,-6.74,-6.74,-6.74,-6.44,-6.04,-5.94,-5.84,-5.14,-4.34,-4.04,-3.64,-3.24,-2.94,-2.54,-2.24,-2.44,-2.74,-3.54,1.06,2.86,-0.14,-1.04,-0.74,-0.24,1.46,1.56,1.46,1.56,1.66,3.16,3.66,2.66,1.76,1.16,0.56,-0.24,-0.64,-0.74,-0.54,-0.74,-0.74,-0.84,-1.64,-2.44,-2.64,-2.84,-2.84,-2.74,-2.74,-2.74,-2.64,-2.54,-2.64,-2.54,-2.24,-2.54,-3.64,-2.24,0.16,1.46
-4.54,-4.34,-4.14,-5.84,-5.94,-6.14,-7.34,-8.04,-8.14,-8.04,-7.74,-7.64,-7.54,-7.74,-7.64,-7.04,-6.64,-6.44,-6.24,-6.04,-5.74,-5.34,-4.94,-4.64,-4.24,-4.04,-3.94,-3.74,-3.74,-3.74,-3.94,-3.84,-3.74,-3.44,-2.24,-1.14,0.86,3.46,3.76,2.66,-0.34,0.06,1.06,1.46,2.26,1.16,-0.94,-1.34,-1.04,-0.44,0.26,1.06,-0.14,-1.04,1.06,1.66,0.96,0.06,-0.24,-0.34,-0.44,-0.74,-1.64,-3.04,-3.14,-3.04,-2.74,-2.64,-2.64,-2.64,-2.74,-2.14,-1.24,-2.64,-3.54,-3.74,-2.94,-1.04,0.26
-4.64,-4.34,-4.44,-4.64,-5.14,-5.54,-5.74,-5.64,-5.64,-5.84,-6.14,-6.34,-6.34,-6.44,-6.34,-6.24,-6.04,-5.94,-5.54,-5.14,-4.84,-4.54,-4.34,-4.14,-3.94,-3.94,-3.54,-3.24,-3.14,-2.54,-1.24,-0.34,0.46,1.66,2.16,2.36,2.46,3.06,3.06,2.76,3.36,4.26,4.46,2.36,2.46,2.96,3.66,2.16,1.76,1.36,1.06,1.36,1.76,2.06,1.96,1.86,1.56,0.76,0.06,-0.04,-0.24,-0.34,-1.04,-2.54,-3.44,-3.54,-3.54,-3.44,-3.24,-2.74,-1.34,-1.74,-3.14,-3.44,-3.24,-2.84,-2.04,0.06,1.76
-5.14,-5.14,-5.14,-5.24,-5.24,-5.84,-6.04,-6.44,-6.74,-7.04,-7.04,-6.74,-6.44,-6.14,-5.84,-5.34,-4.94,-4.74,-4.54,-4.04,-3.64,-3.04,-2.54,-1.64,-0.54,0.56,0.76,0.86,1.56,2.46,3.36,3.36,3.16,3.66,3.96,4.16,4.56,3.86,3.36,3.56,4.96,6.16,6.46,6.36,5.76,4.86,4.26,3.26,2.06,0.86,0.16,-0.24,-0.74,-1.54,-2.14,-2.04,-1.54,-1.14,-0.94,-0.94,-1.34,-2.24,-3.54,-4.24,-4.24,-4.04,-3.74,-3.34,-3.34,-4.34,-5.54,-5.54,-5.34,-5.64,-5.84,-5.94,-6.14,-6.04,-5.64
-4.54,-4.64,-4.64,-4.94,-5.64,-6.14,-6.14,-6.14,-6.14,-6.34,-6.44,-6.64,-6.64,-6.64,-6.44,-6.34,-6.54,-6.04,-5.24,-4.04,-2.74,-1.44,-0.54,0.06,0.46,0.86,1.16,1.56,2.16,2.96,3.66,3.96,4.06,3.96,4.16,4.46,3.96,3.66,3.66,3.56,3.26,2.86,2.26,1.76,1.46,1.06,0.46,-0.24,-1.14,-2.04,-3.14,-3.64,-3.04,-1.34,-0.34,-0.54,-0.64,-0.54,-1.24,-3.04,-4.74,-6.04,-7.14,-7.84,-8.44,-9.04,-9.54,-9.84,-9.84,-9.84,-9.94,-9.44,-8.04,-6.34,-5.24,-4.04,-2.74,-1.24,-0.84
-8.54,-8.74,-8.94,-9.24,-9.34,-9.14,-8.74,-8.34,-8.04,-8.04,-8.04,-8.14,-8.04,-7.34,-6.74,-6.54,-6.74,-7.14,-6.94,-6.04,-4.84,-3.34,-2.04,-1.24,-1.04,-1.04,-1.24,-1.64,-1.94,-1.64,-0.74,-0.24,-0.14,-0.04,0.16,0.16,-0.24,-0.94,-1.24,-1.44,-1.64,-2.14,-2.54,-2.94,-3.04,-2.94,-3.04,-3.24,-3.44,-3.64,-4.14,-4.64,-5.24,-5.54,-5.74,-5.74,-5.94,-5.94,-5.84,-5.54,-5.44,-6.14,-6.04,-5.34,-3.84,-4.04,-5.44,-8.74,-10.24,-11.64,-10.44,-9.54,-8.44,-5.74,-2.64,-1.34,-3.04,-4.74,-5.14
-10.94,-11.04,-11.34,-11.64,-11.94,-12.24,-12.64,-13.14,-13.54,-13.74,-13.44,-12.94,-12.64,-12.14,-11.54,-11.04,-10.44,-9.64,-8.44,-7.24,-6.34,-5.94,-5.84,-5.74,-5.64,-5.74,-5.74,-5.44,-4.94,-4.44,-3.94,-4.14,-3.84,-3.04,-2.44,-2.14,-2.14,-2.54,-2.84,-2.94,-3.04,-3.14,-3.24,-3.34,-3.44,-3.44,-3.44,-3.44,-3.44,-3.34,-3.24,-3.44,-4.04,-4.74,-4.84,-4.14,-2.64,-0.94,0.36,1.06,2.16,3.16,3.26,1.36,-1.44,-3.24,-4.24,-5.44,-7.14,-8.64,-8.74,-8.44,-8.14,-8.04,-7.94,-7.84,-8.04,-8.84,-10.24
