gfs.json
{"header": {"discipline": 0, "disciplineName": "Meteorological products", "gribEdition": 2, "center": "kwbc", "centerName": "US National Weather Service - NCEP(WMC)", "subcenter": 0, "refTime": "2026-04-12T00:00:00.000Z", "significanceOfRT": 1, "significanceOfRTName": "Start of forecast", "productStatus": 0, "productStatusName": "Operational products", "productType": 1, "productTypeName": "Forecast products", "productDefinitionTemplate": 0, "productDefinitionTemplateName": "Analysis/forecast at horizontal level/layer at a point in time", "parameterCategory": 2, "parameterCategoryName": "Momentum", "parameterNumber": 3, "parameterNumberName": "V-component_of_wind", "parameterUnit": "m.s-1", "genProcessType": 2, "genProcessTypeName": "Forecast", "forecastTime": 0, "surface1Type": "sfc", "surface1TypeName": "Unknown", "surface1Value": 10, "surface2Type": 255, "surface2TypeName": "Missing", "surface2Value": 0, "gridDefinitionTemplate": 0, "gridDefinitionTemplateName": "Latitude_Longitude", "numberPoints": 65160, "shape": 6, "shapeName": "Earth spherical with radius of 6,371,229.0 m", "gridUnits": "degrees", "resolution": 48, "winds": "true", "scanMode": 0, "nx": 360, "ny": 181, "basicAngle": 0, "subDivisions": 0, "lo1": 0.0, "la1": 90.0, "lo2": 359.0, "la2": -90.0, "dx": 1.0, "dy": 1.0}, "data":
[rows 0 to 35 of 181, columns 81 to 161 of 360]
-5.76,-5.76,-5.76,-5.76,-5.76,-5.76,-5.76,-5.66,-5.66,-5.66,-5.66,-5.66,-5.56,-5.56,-5.56,-5.56,-5.46,-5.46,-5.46,-5.36,-5.36,-5.26,-5.26,-5.26,-5.16,-5.16,-5.06,-5.06,-4.96,-4.96,-4.86,-4.86,-4.76,-4.66,-4.66,-4.56,-4.56,-4.46,-4.36,-4.36,-4.26,-4.16,-4.16,-4.06,-3.96,-3.86,-3.86,-3.76,-3.66,-3.56,-3.46,-3.46,-3.36,-3.26,-3.16,-3.06,-2.96,-2.96,-2.86,-2.76,-2.66,-2.56,-2.46,-2.36,-2.26,-2.16,-2.06,-2.06,-1.96,-1.86,-1.76,-1.66,-1.56,-1.46,-1.36,-1.26,-1.16,-1.06,-0.96,-0.86,-0.76
-6.46,-6.46,-6.46,-6.46,-6.46,-6.46,-6.46,-6.46,-6.46,-6.36,-6.36,-6.36,-6.36,-6.36,-6.26,-6.26,-6.26,-6.16,-6.16,-6.06,-6.06,-5.96,-5.96,-5.86,-5.86,-5.76,-5.76,-5.66,-5.56,-5.56,-5.46,-5.36,-5.36,-5.26,-5.16,-5.16,-5.06,-4.96,-4.86,-4.76,-4.66,-4.66,-4.56,-4.46,-4.36,-4.26,-4.16,-4.06,-3.96,-3.86,-3.76,-3.66,-3.56,-3.46,-3.36,-3.26,-3.16,-3.06,-2.96,-2.86,-2.76,-2.56,-2.46,-2.36,-2.26,-2.16,-2.06,-1.86,-1.76,-1.66,-1.56,-1.36,-1.26,-1.16,-0.96,-0.86,-0.76,-0.66,-0.46,-0.36,-0.26
-7.46,-7.46,-7.46,-7.46,-7.46,-7.36,-7.36,-7.36,-7.36,-7.26,-7.26,-7.26,-7.16,-7.16,-7.16,-7.06,-7.06,-6.96,-6.86,-6.86,-6.76,-6.66,-6.56,-6.46,-6.36,-6.36,-6.26,-6.16,-6.06,-6.06,-5.96,-5.86,-5.76,-5.66,-5.56,-5.46,-5.36,-5.26,-5.26,-5.16,-5.06,-4.86,-4.76,-4.66,-4.56,-4.46,-4.36,-4.26,-4.16,-3.96,-3.86,-3.76,-3.66,-3.46,-3.36,-3.26,-3.06,-2.96,-2.86,-2.76,-2.56,-2.46,-2.36,-2.16,-2.06,-1.96,-1.76,-1.66,-1.46,-1.36,-1.26,-1.06,-0.96,-0.86,-0.66,-0.56,-0.46,-0.26,-0.16,-0.06,0.04
-7.86,-7.86,-7.86,-7.86,-7.86,-7.76,-7.76,-7.76,-7.66,-7.66,-7.56,-7.46,-7.36,-7.26,-7.06,-6.96,-6.86,-6.76,-6.66,-6.66,-6.56,-6.46,-6.36,-6.26,-6.16,-6.06,-6.06,-5.96,-5.86,-5.76,-5.76,-5.66,-5.56,-5.46,-5.36,-5.26,-5.16,-5.06,-4.86,-4.76,-4.66,-4.56,-4.46,-4.26,-4.16,-4.06,-3.86,-3.76,-3.56,-3.36,-3.26,-3.06,-2.86,-2.76,-2.56,-2.36,-2.26,-2.06,-1.86,-1.76,-1.56,-1.36,-1.16,-1.06,-0.86,-0.66,-0.56,-0.36,-0.26,-0.16,0.04,0.14,0.24,0.34,0.54,0.64,0.74,0.84,1.04,1.14,1.24
-7.76,-7.76,-7.76,-7.76,-7.66,-7.66,-7.56,-7.46,-7.36,-7.36,-7.26,-7.16,-7.06,-6.96,-6.86,-6.76,-6.66,-6.56,-6.46,-6.36,-6.26,-6.16,-6.06,-6.06,-5.96,-5.86,-5.76,-5.66,-5.56,-5.46,-5.36,-5.26,-5.16,-5.06,-4.96,-4.86,-4.76,-4.66,-4.56,-4.46,-4.36,-4.26,-4.16,-4.06,-3.86,-3.76,-3.66,-3.56,-3.46,-3.36,-3.16,-3.06,-2.96,-2.76,-2.66,-2.46,-2.26,-2.06,-1.96,-1.76,-1.66,-1.46,-1.36,-1.16,-1.06,-0.86,-0.76,-0.56,-0.46,-0.26,-0.16,0.04,0.24,0.34,0.54,0.64,0.74,0.94,1.14,1.24,1.34
-7.76,-7.76,-7.76,-7.76,-7.66,-7.56,-7.56,-7.46,-7.36,-7.36,-7.26,-7.16,-7.06,-7.06,-6.96,-6.86,-6.76,-6.56,-6.46,-6.36,-6.26,-6.16,-6.16,-6.06,-5.96,-5.86,-5.76,-5.66,-5.66,-5.66,-5.56,-5.56,-5.46,-5.36,-5.36,-5.26,-5.16,-5.06,-4.96,-4.96,-4.86,-4.76,-4.66,-4.46,-4.36,-4.26,-4.06,-3.86,-3.66,-3.36,-3.26,-3.06,-2.86,-2.76,-2.56,-2.36,-2.16,-2.06,-1.86,-1.76,-1.56,-1.46,-1.26,-1.16,-0.96,-0.86,-0.66,-0.56,-0.46,-0.26,-0.16,-0.06,0.14,0.34,0.44,0.64,0.84,1.04,1.14,1.24,1.44
-8.06,-8.06,-7.96,-7.96,-7.86,-7.86,-7.76,-7.66,-7.56,-7.36,-7.26,-7.16,-7.06,-6.96,-6.76,-6.66,-6.56,-6.46,-6.36,-6.26,-6.26,-6.26,-6.26,-6.26,-6.16,-6.16,-6.16,-6.06,-5.96,-5.76,-5.66,-5.66,-5.56,-5.56,-5.46,-5.36,-5.26,-5.06,-4.86,-4.66,-4.46,-4.26,-4.16,-4.06,-3.96,-3.86,-3.76,-3.56,-3.46,-3.36,-3.26,-3.16,-2.96,-2.96,-2.86,-2.66,-2.56,-2.46,-2.36,-2.16,-2.06,-1.96,-1.76,-1.66,-1.46,-1.36,-1.26,-1.16,-1.06,-0.96,-0.86,-0.76,-0.66,-0.56,-0.46,-0.26,-0.06,0.24,0.44,0.54,0.74
-7.76,-7.86,-7.86,-7.76,-7.76,-7.66,-7.56,-7.46,-7.36,-7.16,-7.06,-6.86,-6.76,-6.66,-6.56,-6.46,-6.36,-6.36,-6.26,-6.26,-6.26,-6.16,-6.06,-6.06,-5.96,-5.96,-5.86,-5.76,-5.66,-5.66,-5.56,-5.36,-5.26,-5.06,-4.96,-4.86,-4.66,-4.66,-4.46,-4.36,-4.16,-4.06,-4.06,-3.86,-3.76,-3.66,-3.46,-3.36,-3.36,-3.36,-3.26,-3.26,-3.26,-3.16,-3.06,-2.86,-2.56,-2.26,-2.06,-1.96,-1.76,-1.76,-1.66,-1.56,-1.46,-1.36,-1.36,-1.26,-1.16,-0.86,-0.66,-0.46,-0.26,-0.06,0.14,0.44,0.64,0.94,1.14,1.34,1.44
-7.26,-7.26,-7.36,-7.26,-7.26,-7.16,-7.06,-6.96,-6.86,-6.66,-6.56,-6.46,-6.36,-6.16,-6.16,-6.06,-5.96,-5.96,-5.96,-5.86,-5.76,-5.76,-5.76,-5.86,-5.86,-5.76,-5.66,-5.56,-5.46,-5.46,-5.46,-5.46,-5.36,-5.26,-5.06,-4.96,-4.76,-4.56,-4.46,-4.36,-4.26,-3.96,-3.66,-3.46,-3.36,-3.06,-2.76,-2.56,-2.46,-2.46,-2.46,-2.36,-2.46,-2.46,-2.46,-2.26,-1.86,-1.36,-0.96,-0.76,-0.56,-0.36,-0.16,0.04,0.14,0.44,0.74,0.94,1.24,1.54,1.74,1.94,2.14,2.34,2.54,2.74,2.84,2.94,2.94,2.74,2.34
-7.56,-7.56,-7.56,-7.46,-7.36,-7.26,-7.16,-6.96,-6.86,-5.86,-4.76,-5.76,-5.66,-4.26,-3.36,-3.76,-4.56,-5.26,-5.36,-5.36,-5.36,-5.36,-5.26,-5.16,-5.16,-5.16,-5.06,-5.16,-4.96,-4.86,-4.76,-4.86,-4.76,-4.76,-4.76,-4.76,-4.76,-4.76,-4.66,-4.56,-4.46,-4.36,-4.16,-3.86,-3.66,-3.46,-3.16,-2.86,-2.76,-2.66,-2.66,-2.66,-2.86,-3.16,-3.26,-3.06,-2.86,-2.76,-2.66,-2.36,-2.06,-1.76,-1.26,-0.76,-0.16,0.24,0.44,0.74,1.14,1.54,2.04,2.54,2.84,3.04,3.14,3.24,3.44,3.74,3.84,4.04,4.14
-7.76,-7.76,-7.56,-7.46,-7.36,-7.26,-7.06,-6.86,-6.76,-6.46,-6.66,-6.86,-3.06,0.04,0.14,-0.16,-3.26,-4.36,-3.06,-4.16,-4.76,-4.66,-4.56,-4.46,-4.26,-4.26,-4.16,-4.16,-3.96,-3.86,-3.76,-3.76,-3.86,-3.86,-3.86,-4.06,-4.06,-4.16,-4.16,-4.26,-4.36,-4.16,-4.16,-4.16,-3.96,-3.66,-3.26,-2.66,-2.56,-2.46,-1.96,-1.76,-2.36,-2.66,-2.76,-2.76,-2.76,-2.36,-2.16,-1.96,-1.66,-1.56,-1.26,-0.86,-0.36,0.24,0.94,1.74,2.44,2.84,3.14,3.34,3.64,3.94,4.24,4.34,4.34,4.44,4.44,4.54,4.74
-7.06,-7.06,-7.06,-6.96,-6.86,-6.66,-6.46,-6.26,-6.06,-5.86,-5.96,-5.76,-4.66,-3.76,-0.56,-0.56,-3.06,-2.16,-2.86,-2.66,-1.16,0.04,1.24,0.64,-0.96,-3.36,-3.86,-3.36,-2.96,-2.96,-2.76,-2.66,-2.66,-2.66,-2.56,-2.46,-2.46,-2.36,-2.36,-2.16,-1.96,-1.96,-1.86,-1.66,-1.66,-1.86,-2.16,-2.46,-2.76,-2.86,-2.76,-2.06,-1.46,-1.86,-2.16,-2.16,-2.06,-1.86,-1.66,-1.36,-0.86,-0.36,0.14,0.84,2.14,3.94,5.54,5.84,5.64,5.74,5.94,6.24,6.24,6.34,6.44,6.44,6.44,6.34,6.24,6.14,6.04
-6.06,-5.96,-5.86,-5.66,-5.46,-5.36,-5.06,-4.96,-4.76,-4.56,-4.36,-4.26,-3.76,-3.26,-2.86,-2.56,-2.46,-1.96,-2.06,-2.96,-2.26,-1.06,-0.36,0.64,0.84,0.44,0.14,0.04,0.14,0.24,0.34,0.04,-0.46,-0.66,-0.46,-0.26,-0.06,0.04,-0.06,-0.06,0.14,0.14,0.14,0.14,0.14,0.14,0.14,0.24,0.44,0.54,0.64,1.24,1.64,2.04,2.34,2.74,3.14,3.44,3.84,4.14,4.44,4.74,4.94,5.14,5.34,5.44,5.54,5.54,5.64,5.64,5.84,5.84,5.84,6.04,6.14,6.24,6.34,6.44,6.54,6.44,6.44
-4.76,-4.66,-4.66,-4.46,-4.26,-4.06,-3.86,-3.46,-3.16,-2.76,-2.46,-2.16,-1.76,-1.56,-1.26,-0.96,-0.66,-0.56,-0.26,0.24,0.94,1.64,2.14,1.84,2.84,2.54,1.64,1.54,1.24,1.14,0.74,0.34,-0.06,-0.26,-0.26,-0.06,0.14,0.24,0.34,0.34,0.34,0.44,0.44,0.44,0.44,0.54,0.54,0.64,0.64,0.84,1.14,1.54,1.94,2.34,2.64,3.04,3.44,3.94,4.34,4.64,4.84,4.84,4.84,4.94,4.84,4.84,4.94,4.94,4.84,4.64,4.64,4.64,4.84,5.14,5.44,5.44,5.34,5.34,5.64,6.04,6.14
-3.86,-3.76,-3.66,-3.46,-3.26,-3.06,-2.66,-2.36,-1.86,-1.26,-0.56,0.04,0.54,1.04,0.34,-0.36,0.04,-0.46,-0.76,0.14,1.14,1.54,1.84,1.94,3.44,4.14,3.84,1.34,1.24,1.64,0.84,0.14,-0.46,-0.86,-0.46,0.04,0.44,1.24,1.84,2.34,2.24,1.94,1.74,1.94,2.34,2.54,2.84,3.04,3.14,3.34,3.54,3.84,4.14,4.34,4.74,4.94,5.34,5.74,5.24,4.44,4.04,4.54,4.84,4.74,4.84,5.04,5.04,4.84,4.84,4.64,4.34,4.14,4.04,4.24,4.54,4.74,5.04,5.24,5.24,5.24,5.44
-3.46,-3.36,-3.06,-2.66,-2.26,-1.96,-1.46,-0.56,-0.16,-0.16,-0.16,-0.16,-0.36,0.64,1.64,1.94,2.34,1.84,1.44,1.64,2.04,1.64,0.64,0.94,1.14,0.94,0.64,-0.56,-0.86,0.04,0.14,0.94,2.24,3.74,3.84,3.94,3.74,3.54,3.44,3.54,3.54,3.54,3.54,3.44,3.34,3.34,3.44,3.64,3.84,4.04,4.24,4.34,4.44,4.44,4.54,4.54,4.54,4.34,3.94,4.24,4.84,4.74,4.44,4.44,4.54,4.24,4.04,3.74,3.74,3.94,4.24,4.14,3.94,3.84,3.54,3.54,3.84,4.14,5.04,4.94,4.64
-2.36,-1.96,-1.76,-1.56,-2.26,-2.86,-1.26,1.14,0.54,-0.16,-0.36,0.34,0.34,-0.46,-0.96,-1.06,0.34,1.14,1.34,1.44,1.94,2.44,1.84,1.64,0.54,1.24,1.74,1.34,1.94,3.44,3.74,3.54,3.24,4.24,5.04,5.04,4.64,3.94,3.74,3.84,4.44,4.54,4.44,4.24,3.94,3.54,3.44,3.44,3.54,3.74,3.74,3.84,3.74,3.64,3.74,3.74,3.74,3.94,4.04,4.14,4.24,4.34,3.84,3.74,3.74,3.74,3.64,3.44,3.24,3.04,2.94,3.14,3.14,3.24,3.34,4.24,4.14,3.74,3.94,4.04,3.84
-0.96,-1.26,-1.26,-1.26,0.04,0.04,0.04,-0.16,-0.56,-0.06,-0.26,-0.06,0.54,0.24,0.44,0.94,1.14,1.74,1.34,1.84,1.04,1.64,1.44,1.34,1.34,2.54,2.64,2.24,2.14,2.44,2.64,2.64,2.44,2.64,2.54,2.34,2.24,3.14,3.54,3.64,4.34,5.34,3.74,2.84,2.54,2.74,3.14,3.24,3.24,3.04,3.14,3.34,3.34,3.34,3.54,3.54,3.44,3.34,3.34,3.34,3.34,2.94,2.04,2.54,2.94,2.84,2.84,3.24,3.24,2.94,2.54,2.24,2.24,2.54,3.24,3.14,3.34,3.44,3.54,3.54,3.34
-2.16,-1.96,-1.16,-1.86,-1.76,-0.86,-0.86,-0.96,-0.96,-1.16,-0.46,0.04,0.04,-0.26,0.04,1.14,0.94,0.74,1.34,1.64,1.44,2.04,2.04,1.94,2.84,3.14,2.24,1.74,1.54,1.64,2.14,2.44,2.04,1.74,2.54,2.34,2.24,2.24,1.94,2.44,2.14,1.74,1.24,0.74,2.04,2.44,2.94,2.34,2.64,3.24,2.74,2.84,2.24,2.04,2.04,2.34,1.84,1.84,1.94,1.54,0.74,2.44,2.54,2.54,2.64,3.24,2.74,2.54,2.64,2.94,2.64,2.44,2.24,2.34,2.54,2.64,2.64,2.54,2.44,2.74,2.84
-3.06,-3.16,-2.56,-1.66,-2.06,-1.76,-2.16,-2.36,-1.56,-1.66,-1.66,-0.96,-0.46,-0.96,-0.56,0.04,0.34,0.24,1.14,0.84,1.34,1.94,3.34,2.84,3.04,2.94,2.94,3.04,2.34,1.54,1.24,1.24,1.64,1.34,1.44,1.64,1.54,2.24,1.74,1.34,1.84,1.64,1.24,0.34,0.34,0.84,0.44,0.24,0.44,1.24,1.24,2.04,1.44,1.04,0.44,1.14,1.14,1.34,1.04,0.94,1.24,1.54,1.74,1.74,1.74,1.84,2.04,2.44,2.84,1.84,1.84,2.14,1.44,1.44,2.34,2.64,2.64,2.64,1.94,2.34,2.74
-3.66,-2.86,-2.26,-1.76,-2.26,-2.86,-2.36,-3.36,1.14,-0.36,-0.16,1.44,1.44,0.84,1.34,1.24,1.64,1.74,0.34,0.64,0.04,1.14,1.34,1.84,1.44,1.94,1.44,1.84,2.14,0.34,0.84,0.84,1.24,1.34,1.74,2.34,2.34,2.04,1.54,0.84,-0.16,-0.86,-1.26,-1.86,-1.86,-2.16,-0.46,0.44,0.14,-0.26,0.34,1.84,0.34,0.44,0.34,-0.66,-0.56,-0.66,1.14,1.04,1.04,0.84,1.04,1.74,1.44,1.34,1.64,1.24,1.34,1.64,1.44,1.54,1.24,1.64,2.24,1.94,1.94,1.74,1.54,1.94,2.54
-3.86,-3.06,-2.66,-2.16,-1.76,-2.16,-1.66,-0.06,-1.56,-0.46,-0.96,-0.06,-0.46,-0.46,-0.46,-0.66,-0.76,-0.16,1.34,-0.26,-0.46,0.34,0.24,1.24,0.34,-0.16,-0.86,-0.36,-0.36,0.24,0.34,0.34,0.74,0.94,1.44,1.54,1.44,1.14,0.94,0.04,-1.46,-1.76,-1.96,-3.16,-3.16,-1.66,-0.26,0.14,0.64,0.24,0.84,0.14,-0.26,-0.76,-0.66,0.34,-1.16,0.04,0.24,0.44,-0.36,0.64,1.54,1.64,1.64,1.74,0.64,1.04,1.64,1.64,1.64,1.84,1.54,1.24,1.44,2.44,2.44,1.84,1.24,1.14,2.34
-3.36,-2.46,-1.36,-0.06,-0.36,-0.76,-1.26,-3.76,-0.06,1.44,0.64,-1.16,0.24,-0.26,0.24,-0.56,-0.36,-0.56,-1.16,-0.76,-0.76,0.94,1.44,1.74,2.04,1.34,-0.06,-0.16,-0.06,0.24,0.54,0.04,0.84,0.54,0.44,0.34,-0.46,-0.16,-0.56,-1.06,-1.66,-2.36,-3.16,-5.86,-1.26,-0.36,0.54,0.74,1.14,0.94,0.74,-0.56,-0.36,0.14,0.54,1.84,0.44,0.34,1.54,1.14,1.34,1.34,-0.46,0.94,2.74,2.94,0.44,0.54,1.54,2.54,2.94,2.74,2.64,2.74,2.84,2.84,3.24,3.24,3.74,1.34,2.14
-3.16,-1.56,-0.16,0.84,1.74,1.54,1.44,-0.36,-1.96,-1.06,-0.36,-0.36,-0.06,-0.26,0.14,-0.46,1.14,-0.26,0.14,0.64,2.04,2.24,1.84,1.74,1.24,0.04,-0.86,-0.26,0.04,-0.46,0.34,0.14,0.14,1.14,0.44,0.14,-0.36,-0.26,-0.46,-1.76,-2.46,-4.76,-5.56,-3.46,-0.36,-0.26,0.24,0.44,0.44,0.64,-0.86,-0.66,-0.06,-0.26,-0.86,-0.06,1.94,1.14,0.34,0.74,1.14,0.54,2.64,1.64,0.04,3.04,3.24,1.94,0.64,3.94,3.64,2.64,1.94,2.74,2.54,2.44,1.74,2.24,1.74,0.84,0.74
-2.56,-0.16,1.04,1.74,3.44,4.14,3.54,2.24,0.34,-0.26,-0.06,0.14,-0.16,0.44,0.24,0.54,1.44,0.64,0.94,0.64,1.24,1.94,1.24,0.34,-1.56,-2.26,-2.86,-1.86,-1.66,-1.26,0.34,-0.16,-0.26,0.44,0.74,0.64,1.24,0.44,-0.46,-1.06,-2.16,-3.76,-4.26,-2.26,-0.16,-0.26,0.74,1.74,1.44,0.94,-0.46,0.24,0.54,1.04,0.94,1.14,1.24,1.04,0.64,1.54,1.74,0.94,3.04,0.84,1.24,1.74,2.44,2.34,2.64,5.64,3.84,1.14,1.94,2.04,2.34,2.04,1.54,1.24,0.54,-0.76,-0.36
-1.56,2.34,2.84,4.04,5.34,6.34,6.74,7.24,4.74,0.94,0.84,1.14,1.04,0.74,0.84,0.94,1.24,1.74,0.74,1.34,1.14,0.94,0.54,-0.86,0.34,-1.96,-1.86,-0.56,0.54,0.64,0.64,1.54,1.04,0.14,0.24,0.54,0.24,0.04,-0.26,-0.36,-0.56,-1.06,-2.46,-1.36,-2.26,0.14,-0.16,0.54,0.34,0.44,-0.36,-0.26,-0.36,-0.06,-0.36,0.14,0.74,0.54,0.94,1.14,1.24,2.14,1.24,2.14,3.14,1.04,0.14,1.54,0.74,2.64,3.94,1.54,1.04,0.64,-0.16,1.24,0.14,-0.36,-0.96,-1.86,-1.96
-0.76,1.44,2.04,3.64,4.74,2.94,5.64,5.24,5.64,3.84,3.54,2.34,1.54,1.74,1.44,0.74,1.34,1.04,1.34,1.54,1.14,0.14,-0.06,0.14,-0.26,-0.26,0.14,0.44,0.34,2.04,2.04,2.04,2.24,1.64,1.14,0.64,2.04,1.54,1.24,1.24,0.64,0.24,-0.66,-1.06,-1.86,-2.66,-0.86,-0.56,-0.56,-2.26,-0.66,-0.26,0.04,-1.66,0.04,-1.46,-0.86,-1.16,-0.06,0.54,-0.26,0.64,-1.06,0.14,-0.06,0.04,0.44,0.94,1.04,0.54,1.54,1.74,1.34,0.34,0.04,0.74,-0.36,-2.06,-2.06,-1.66,-3.86
0.84,1.54,2.74,3.34,3.94,5.14,6.24,4.14,4.24,3.64,3.44,3.84,4.04,2.64,1.94,2.24,2.24,1.34,1.24,1.14,0.74,0.64,0.44,0.04,0.24,0.34,0.94,0.24,0.84,0.94,-0.06,-0.16,-0.16,0.74,0.84,1.24,0.94,1.94,1.34,0.54,0.74,0.44,-0.76,-1.76,-4.06,-2.56,-2.06,-1.06,-0.46,-1.36,-1.16,-1.26,-1.26,-0.36,-0.56,-1.36,-0.46,-0.36,0.74,0.64,-0.66,-1.36,-0.06,0.04,-0.26,1.14,0.04,-0.96,0.54,-0.16,1.24,1.94,1.14,-0.96,-0.56,-1.66,-2.16,-2.36,-1.56,-3.56,-2.56
2.34,3.64,5.64,7.14,3.94,4.04,4.14,4.24,4.24,4.14,3.44,2.84,1.44,1.34,1.74,2.24,2.14,1.74,1.64,0.94,1.34,0.74,1.24,0.34,0.44,0.64,0.14,0.24,0.04,-0.96,0.54,1.84,2.44,3.14,3.34,1.74,0.94,0.94,0.44,-0.26,-0.26,-0.86,-1.96,-2.36,-2.36,-2.56,-1.76,-1.76,-1.76,-2.36,-1.56,-1.76,-0.36,0.04,1.74,0.54,0.64,1.04,1.34,0.84,1.84,2.24,1.64,1.44,0.44,-0.06,-0.16,-1.36,0.94,-1.86,0.44,-0.76,-0.06,0.14,-1.56,-2.66,-2.96,-3.76,-3.46,-2.06,-2.16
2.24,2.64,3.04,3.64,5.14,4.14,4.34,4.74,4.74,4.54,3.34,3.24,1.64,0.74,1.14,2.24,1.34,1.84,1.74,1.54,1.14,0.74,0.84,0.34,0.54,0.44,0.44,1.04,1.34,1.04,1.44,1.94,1.64,3.04,2.14,2.34,1.94,0.64,-0.06,-1.06,-1.46,-1.76,-2.46,-2.46,-2.06,-1.36,-1.96,-1.86,-2.86,-2.56,-1.56,-0.76,1.54,2.54,2.04,1.04,2.84,-0.46,1.54,0.94,0.54,-1.36,-0.96,0.14,-0.46,-1.86,-2.66,-2.06,-2.96,-0.46,-2.26,-1.86,-2.16,-4.06,-2.76,-1.76,-5.16,-3.66,-4.16,-4.36,-2.36
2.14,2.84,3.84,3.74,5.14,4.54,7.24,5.54,4.94,3.84,2.84,3.04,3.24,2.34,2.04,1.44,1.44,0.94,1.24,0.94,0.84,0.84,0.64,0.74,0.84,1.24,1.04,0.94,1.04,0.84,1.04,0.84,1.24,1.84,1.94,1.74,1.24,0.54,-0.86,-1.56,-2.06,-2.76,-2.76,-2.86,-3.06,-3.86,-3.66,-3.16,-2.16,-1.66,-0.36,2.14,2.94,3.54,2.94,2.04,0.94,0.74,-0.26,-1.16,-0.96,-1.56,-2.76,-1.26,-2.86,-1.66,-3.36,-2.36,-2.96,-3.26,-2.26,-2.56,-2.16,-1.86,-4.36,-4.66,-6.46,-5.96,-5.46,-5.56,-2.36
3.44,3.34,3.54,4.24,4.64,4.94,4.84,5.14,4.54,4.04,3.34,2.24,1.74,2.54,1.64,1.34,1.04,0.84,1.24,1.14,0.64,0.14,0.74,1.64,1.64,1.34,1.04,0.84,0.84,0.74,0.84,1.14,1.24,3.14,1.74,0.64,0.54,-0.46,-1.76,-2.36,-2.66,-1.56,-2.06,-3.36,-2.76,-1.76,-0.66,-0.26,0.54,0.54,1.74,1.74,1.64,1.94,2.54,1.64,0.34,0.94,0.44,0.14,-0.46,-0.46,-5.96,-2.16,-2.36,-2.96,-2.96,-3.06,-6.16,-7.86,-7.36,-6.26,-6.36,-8.86,-9.16,-7.56,-9.16,-8.46,-7.96,-4.46,-0.26
3.84,4.04,4.64,4.64,4.74,4.64,4.64,4.74,4.34,3.84,3.44,3.04,2.94,1.44,1.34,1.64,1.84,1.24,0.94,1.04,1.54,1.34,1.74,1.34,1.14,1.04,0.84,0.94,1.34,1.84,1.04,0.74,0.54,0.84,0.44,-0.46,-0.76,-0.96,-2.06,-2.16,-5.66,-3.56,-4.06,-2.96,-4.06,-3.06,-0.26,-0.16,-1.16,-0.46,0.84,0.14,0.94,2.14,0.94,1.14,0.14,0.44,0.24,-0.16,-4.56,-4.46,-4.86,-5.06,-5.76,-5.96,-5.46,-4.86,-4.76,-4.56,-5.16,-6.46,-8.26,-9.16,-9.96,-10.26,-10.26,-9.26,-6.46,-0.96,0.34
3.04,3.64,4.04,4.94,4.64,5.64,4.54,3.94,3.44,3.14,3.04,2.44,1.64,2.44,1.74,1.94,1.54,2.04,1.44,1.54,0.94,1.04,0.74,1.44,0.94,0.74,0.64,1.14,0.94,2.14,1.24,0.14,0.74,0.04,-0.16,-0.36,-1.06,-2.56,-1.66,-1.86,-1.26,-1.76,-4.96,-2.56,-2.86,-1.36,-2.16,0.34,0.44,0.84,0.74,0.94,0.94,1.04,1.44,1.64,2.14,1.24,-4.56,-5.56,-6.26,-6.46,-6.66,-6.96,-7.46,-7.86,-7.56,-7.56,-7.56,-7.56,-7.36,-8.16,-9.16,-10.46,-12.06,-13.76,-5.76,-3.96,-1.56,1.74,-4.16
2.44,2.94,3.14,4.14,4.94,4.34,4.74,4.94,3.14,2.74,2.14,1.74,1.54,1.04,1.34,1.94,1.94,2.14,1.94,1.14,0.84,1.34,0.44,0.64,0.84,0.94,1.04,2.24,1.34,-0.36,-0.06,-0.76,-1.06,0.64,-2.16,-3.16,-3.06,-3.06,-2.16,-2.76,-4.46,-3.46,-3.36,-2.96,-5.46,-1.66,-0.16,0.74,1.24,1.04,0.84,1.94,2.14,3.24,2.84,2.64,-0.46,-7.86,-6.16,-6.66,-6.76,-8.46,-9.26,-9.36,-9.06,-8.86,-8.46,-8.26,-8.06,-7.76,-7.86,-8.66,-9.76,-10.16,-9.66,-5.16,-1.66,3.64,2.14,-4.46,-0.56
2.94,2.94,3.94,5.04,4.34,4.34,2.24,2.74,1.44,0.84,1.34,2.04,1.74,1.94,0.64,0.44,1.04,1.54,1.04,1.74,1.24,0.84,0.44,0.74,-0.26,0.54,0.24,1.24,-1.36,0.34,-1.56,-0.96,-0.56,-2.66,-0.66,-1.16,-0.96,-0.26,-0.56,-2.46,-2.26,-1.96,-2.56,-2.06,-1.16,-0.36,-0.16,-0.26,2.64,1.14,0.34,0.84,0.14,1.24,0.44,-3.96,-3.76,-5.36,-6.76,-7.56,-8.86,-9.86,-10.56,-11.66,-11.16,-10.06,-9.36,-8.66,-8.26,-7.66,-6.26,-5.86,-7.56,-8.56,-6.06,-1.46,0.24,1.74,-3.46,1.84,-0.16
