gfs.json
{"header": {"discipline": 0, "disciplineName": "Meteorological products", "gribEdition": 2, "center": "kwbc", "centerName": "US National Weather Service - NCEP(WMC)", "subcenter": 0, "refTime": "2026-04-13T00:00:00.000Z", "significanceOfRT": 1, "significanceOfRTName": "Start of forecast", "productStatus": 0, "productStatusName": "Operational products", "productType": 1, "productTypeName": "Forecast products", "productDefinitionTemplate": 0, "productDefinitionTemplateName": "Analysis/forecast at horizontal level/layer at a point in time", "parameterCategory": 2, "parameterCategoryName": "Momentum", "parameterNumber": 2, "parameterNumberName": "U-component_of_wind", "parameterUnit": "m.s-1", "genProcessType": 2, "genProcessTypeName": "Forecast", "forecastTime": 0, "surface1Type": "sfc", "surface1TypeName": "Unknown", "surface1Value": 10, "surface2Type": 255, "surface2TypeName": "Missing", "surface2Value": 0, "gridDefinitionTemplate": 0, "gridDefinitionTemplateName": "Latitude_Longitude", "numberPoints": 65160, "shape": 6, "shapeName": "Earth spherical with radius of 6,371,229.0 m", "gridUnits": "degrees", "resolution": 48, "winds": "true", "scanMode": 0, "nx": 360, "ny": 181, "basicAngle": 0, "subDivisions": 0, "lo1": 0.0, "la1": 90.0, "lo2": 359.0, "la2": -90.0, "dx": 1.0, "dy": 1.0}, "data":
[rows 70 to 104 of 181, columns 79 to 157 of 360]
1.01,-0.89,-0.29,1.81,1.11,0.11,0.71,3.01,5.41,6.21,6.51,5.91,5.31,1.81,-0.19,-0.49,0.01,-0.59,0.81,-0.49,0.71,-0.29,-0.09,0.01,-0.19,0.11,1.21,-0.09,-3.09,-3.69,-0.69,-1.29,-0.39,-0.89,-2.49,-2.09,-0.49,-0.09,-1.19,-2.19,-1.69,-2.89,-4.99,-3.19,-3.49,-3.49,-5.59,-3.99,-2.79,-6.29,-4.49,-4.19,-4.29,-4.89,-5.49,-6.09,-6.39,-5.99,-6.09,-7.09,-7.09,-8.29,-7.89,-7.89,-6.89,-6.99,-8.39,-9.09,-9.19,-10.39,-11.49,-11.49,-11.79,-11.69,-11.19,-10.99,-10.49,-10.09,-9.69
-1.79,-0.79,-0.59,0.81,1.01,-0.89,6.21,5.41,6.41,6.51,6.31,5.91,5.11,2.31,1.21,0.21,0.91,-0.19,-0.19,-0.39,0.31,0.11,-0.79,0.01,-0.39,0.21,1.51,-2.79,-6.69,-7.39,-2.39,0.01,2.31,0.11,-1.59,-1.79,-0.19,-2.09,-1.39,-1.09,-1.19,-1.89,-4.39,-4.69,-4.59,-3.79,-6.59,-4.39,-2.89,-5.49,-4.69,-4.79,-4.39,-6.69,-6.19,-6.09,-5.29,-7.69,-7.79,-7.29,-7.69,-7.79,-7.89,-7.69,-6.99,-8.79,-8.49,-9.29,-9.99,-11.09,-11.29,-11.69,-12.29,-12.19,-11.79,-11.69,-11.19,-10.39,-9.99
0.01,-0.49,-0.49,-0.69,0.61,4.81,5.41,5.71,5.41,5.61,6.41,5.31,3.61,2.51,2.11,1.71,1.61,-0.99,-1.19,-0.59,1.11,-0.19,1.11,0.61,-1.79,-1.69,-0.49,-0.29,-4.69,-7.69,-6.99,-1.79,0.21,-0.09,-1.69,-1.59,-0.39,-2.19,-1.59,-0.89,-0.39,-0.59,-0.89,-1.59,-1.79,-3.29,-6.79,-6.39,-4.79,-5.39,-5.49,-6.49,-6.09,-5.99,-5.39,-5.89,-7.79,-8.39,-7.29,-8.29,-7.29,-7.49,-7.79,-7.09,-6.39,-7.99,-8.59,-8.59,-9.99,-11.79,-12.49,-13.09,-13.09,-13.09,-11.99,-11.29,-11.29,-11.59,-11.79
-1.49,-1.59,-1.59,-0.49,3.41,3.81,4.21,4.11,4.51,4.31,4.31,4.21,3.41,3.41,2.81,3.01,3.51,2.91,0.01,-0.89,2.61,-0.49,-0.49,1.31,1.31,1.91,-1.49,-0.39,0.21,-4.59,-4.19,-3.29,-1.19,-0.69,-1.69,-1.19,-1.49,-0.49,-1.29,-0.89,-0.99,-1.19,-0.59,1.01,-0.49,-3.79,-4.59,-5.39,-4.79,-5.59,-4.99,-5.69,-6.19,-5.39,-5.39,-6.59,-7.09,-7.19,-7.49,-8.99,-6.49,-6.99,-7.09,-6.39,-6.79,-6.39,-8.39,-9.39,-10.49,-12.29,-13.79,-14.29,-13.89,-13.19,-12.59,-12.19,-11.39,-11.19,-11.29
-0.39,0.11,-0.89,1.11,1.11,2.31,2.81,3.31,3.01,2.91,2.81,2.71,3.11,3.31,3.41,4.21,1.71,6.41,5.21,-1.59,0.71,-0.09,-1.19,2.21,3.91,2.31,1.21,-0.39,0.31,1.21,-4.59,-3.69,-1.69,-0.39,-1.69,-0.69,-2.29,-1.69,-1.19,-1.29,-1.99,-1.49,-0.39,0.21,-2.79,-4.39,-5.09,-5.09,-5.39,-5.09,-6.99,-5.99,-5.19,-4.59,-4.89,-7.99,-7.99,-5.99,-6.09,-5.69,-6.09,-6.29,-5.49,-5.19,-4.69,-5.79,-6.79,-8.89,-11.29,-13.29,-15.89,-16.09,-15.89,-15.49,-13.89,-12.49,-11.49,-10.49,-9.09
-0.59,-0.19,-0.39,0.31,1.11,1.81,2.41,1.91,1.61,1.51,1.81,2.01,2.31,3.01,3.51,3.91,4.71,5.31,3.71,-0.69,1.11,0.11,1.21,1.21,2.71,3.91,-1.69,-1.29,-0.39,1.21,-1.29,-3.29,-1.39,0.01,-1.79,-0.59,-1.39,-1.99,-2.09,-1.69,-2.19,-1.79,-1.49,-2.39,-3.29,-4.39,-4.19,-4.89,-5.49,-3.99,-6.29,-6.79,-4.59,-3.89,-4.19,-7.79,-7.49,-5.29,-5.49,-5.49,-5.19,-4.09,-3.99,-3.99,-4.19,-3.59,-6.29,-7.09,-11.09,-13.79,-18.19,-19.19,-17.79,-16.19,-14.39,-12.99,-11.59,-10.59,-9.79
-0.29,-0.89,-0.39,0.31,1.31,1.41,1.01,0.51,0.31,1.11,0.71,0.81,1.21,1.91,2.51,3.01,3.61,4.11,2.91,-3.09,1.41,1.61,-2.99,2.01,5.01,0.01,-0.89,-0.69,0.01,2.81,0.81,-1.89,-0.99,0.31,-1.39,-0.99,-3.69,-2.29,-2.79,-2.09,-5.19,-6.49,-1.59,-2.69,-3.09,-4.09,-4.39,-5.49,-4.89,-3.89,-6.29,-6.19,-5.99,-3.99,-4.99,-8.49,-7.19,-5.89,-4.19,-4.19,-3.29,-2.19,-2.89,-1.39,-1.69,-1.89,-3.39,-4.69,-9.29,-15.09,-24.39,-23.09,-22.19,-18.49,-14.79,-12.69,-11.39,-10.29,-9.89
0.41,0.61,-0.49,-0.09,0.01,0.11,-0.29,-0.19,-0.39,-0.19,-0.49,-0.19,0.41,0.81,1.21,1.81,3.31,3.51,2.71,2.01,-0.49,1.61,-0.49,0.31,1.21,-0.29,-1.19,-0.39,1.51,-0.09,1.41,-0.69,-0.19,-0.29,-0.79,-1.49,-3.59,-2.89,-2.89,-2.69,-1.49,-2.29,-1.19,-1.49,-0.89,-2.99,-4.19,-4.99,-3.69,-5.19,-3.69,-5.59,-5.09,-3.39,-2.49,-6.59,-6.39,-5.99,-3.99,-3.59,-3.29,-1.79,-2.19,0.71,0.31,0.61,-1.09,-0.09,-1.49,-11.39,-34.99,-23.49,-16.09,-17.19,-13.19,-11.59,-10.89,-10.39,-10.19
0.11,0.31,-0.79,-0.39,-0.89,-1.29,-1.39,-1.59,-1.29,-0.99,-0.79,-0.39,-0.59,0.81,0.31,0.51,2.11,2.61,2.41,1.61,-0.29,3.11,0.71,1.41,0.71,-0.69,-0.49,0.01,-1.09,0.01,1.21,1.81,0.71,0.41,-0.89,-1.89,-3.59,-3.79,-3.49,-2.89,-2.19,-2.09,-7.09,-4.99,-3.49,-2.79,-1.59,-5.29,-2.99,-4.09,-4.69,-4.09,-3.89,-2.89,-1.79,-3.79,-5.89,-5.09,-3.59,-3.49,-2.39,-1.19,-1.59,1.91,2.11,4.21,3.41,6.51,6.71,24.21,14.21,-7.19,-13.59,-12.99,-10.69,-9.19,-8.89,-8.99,-8.39
-0.09,-0.99,-1.59,-1.09,-2.19,-2.59,-2.19,-2.59,-2.69,-2.29,-1.89,-1.89,-1.39,-0.19,-1.89,0.11,1.11,1.51,1.71,1.41,0.31,4.11,-0.49,1.11,-0.09,0.61,0.01,-0.69,-1.39,0.61,4.11,2.81,0.81,0.41,-1.09,-2.29,-2.99,-4.29,-3.99,-4.29,-3.99,-6.19,-4.59,-0.29,-4.19,-2.29,0.61,-4.19,-3.49,-3.99,-4.19,-2.69,-3.19,-2.59,-1.49,-2.89,-3.59,-3.99,-3.39,-2.59,-0.79,-0.19,0.21,1.81,3.71,6.61,8.01,10.01,16.91,22.01,21.31,9.41,-2.39,-8.19,-8.19,-6.49,-6.29,-5.89,-5.79
-0.69,-2.39,-2.29,-1.89,-3.69,-3.29,-2.89,-2.69,-3.39,-2.89,-2.29,-1.79,-2.19,-0.99,-0.99,0.01,1.21,1.31,1.71,1.61,1.21,2.61,-1.09,0.01,-0.39,-0.29,-0.39,-0.19,-0.79,0.51,1.51,1.51,0.41,-0.99,-1.89,-2.69,-3.49,-3.89,-3.19,-1.29,-1.19,-3.79,-6.89,-6.29,-1.59,-1.79,0.71,-1.59,-1.79,-2.49,-2.59,-2.09,-2.49,-2.49,-1.49,-1.49,-1.79,-2.39,-1.79,-1.39,-0.89,0.61,1.81,2.71,5.81,7.21,9.21,12.01,15.71,17.61,17.31,11.61,3.11,-2.79,-3.59,-4.89,-4.79,-4.19,-3.49
2.41,-1.49,0.61,-3.09,-3.59,-3.39,-2.79,-3.29,-3.69,-3.29,-3.09,-2.89,-3.39,-1.69,-0.69,0.11,1.11,1.81,1.71,1.31,0.71,1.41,-1.39,-1.09,-0.89,-1.29,-0.29,-0.99,-0.89,-0.09,0.21,0.21,0.01,-1.59,-2.39,-3.59,-3.29,-3.79,-1.99,-2.19,-3.39,-3.09,-2.79,-2.69,-3.29,-3.69,-0.29,-0.29,0.41,-1.19,-1.09,-1.79,-0.19,-2.59,-2.39,-1.59,-2.59,-1.49,-0.49,1.01,0.91,2.11,3.41,5.01,6.41,9.11,10.61,11.91,13.91,15.11,13.81,10.61,4.91,1.41,-1.59,-1.99,-3.79,-3.69,-2.59
2.61,-0.49,0.91,-0.29,0.21,-0.49,-1.09,-0.79,-2.19,-3.09,-2.69,-2.69,-2.79,-1.89,-1.29,0.21,1.21,2.01,2.31,2.41,1.91,0.91,-2.99,-2.09,-1.29,-1.99,-1.09,-1.09,-1.29,-0.19,0.21,-0.69,-1.59,-2.39,-2.99,-3.59,-3.99,-4.59,-3.19,-3.09,-2.89,-2.29,-2.59,-4.99,-0.79,-0.59,-1.29,0.61,3.91,-0.59,-0.59,-1.09,0.61,0.01,-0.59,-0.79,-1.19,-0.49,0.61,2.01,2.91,2.51,4.51,5.71,7.91,9.31,10.91,12.41,12.71,12.41,12.01,9.91,7.71,3.51,-0.99,-1.29,-1.49,-2.39,-2.19
3.61,-0.99,1.01,3.71,2.61,1.91,1.91,0.61,0.51,-0.99,-1.29,-1.99,-1.79,-1.29,-0.89,1.21,2.41,2.61,2.61,2.31,2.01,0.01,-0.39,-3.09,-2.29,-1.79,-1.29,-0.99,-0.29,-1.19,-0.59,-1.89,-1.79,-2.59,-3.49,-3.69,-3.99,-4.99,-3.29,-2.59,-1.89,-2.29,-2.09,0.11,0.21,-0.69,1.21,0.91,0.91,1.31,0.01,1.01,0.61,2.11,3.11,2.71,2.21,2.21,3.51,4.01,4.31,4.31,5.01,6.01,7.91,9.41,10.31,11.41,12.01,12.51,11.61,10.31,7.31,3.91,1.21,-0.19,-0.29,-1.79,-1.69
4.21,4.11,3.71,4.31,3.31,3.21,3.21,3.21,3.11,1.01,-0.09,-0.19,-0.79,-0.69,-0.49,0.31,2.41,2.91,2.81,2.01,0.51,0.51,-0.59,0.21,-3.59,-2.39,-1.69,-1.09,-0.09,0.31,-1.59,-1.39,-1.79,-2.79,-3.29,-3.29,-2.29,-1.19,0.31,0.21,-0.99,-0.49,-0.19,2.71,1.31,0.11,-0.69,3.81,-0.59,0.51,2.11,1.01,1.71,2.41,2.71,3.91,4.91,5.11,5.61,5.61,5.61,6.11,6.21,6.01,8.21,8.81,9.81,10.61,11.41,11.31,11.11,9.51,7.81,4.31,3.51,1.71,-0.09,-0.99,-1.79
4.91,4.61,4.11,3.71,3.41,3.21,3.31,3.51,4.31,3.31,2.31,0.41,0.71,0.51,0.91,-0.09,-2.69,-0.39,0.41,2.11,-0.09,-1.99,-0.29,0.61,-0.19,-2.59,-2.49,-2.09,-0.99,-0.19,-0.29,-0.79,-1.99,-2.39,-3.29,-2.59,-0.79,-0.59,0.01,0.41,0.71,0.21,0.51,2.61,1.71,1.41,-0.79,-1.69,-0.99,0.41,2.21,2.61,2.61,3.71,4.21,4.71,5.71,5.81,6.11,6.21,7.41,7.81,8.91,7.71,8.61,9.21,9.51,10.01,11.01,10.91,10.11,9.61,7.61,5.21,2.81,2.31,1.01,-0.19,-1.39
5.41,4.81,4.01,3.91,3.51,3.01,3.51,3.31,3.61,4.21,3.41,2.21,1.91,1.81,1.31,0.31,-1.29,-1.99,-0.79,1.11,0.91,0.21,-0.79,0.01,-0.09,-2.89,-3.29,-1.99,-0.89,-0.99,0.31,0.51,-1.09,-1.39,-3.59,-1.19,-0.89,0.61,0.41,2.31,-0.09,0.61,1.71,1.31,2.01,0.61,-1.39,-0.89,0.11,1.01,2.21,3.21,4.21,4.81,5.31,6.81,7.41,7.31,7.71,8.01,7.61,8.31,9.61,9.91,10.01,10.31,10.61,10.61,10.71,10.01,9.11,9.11,7.21,5.91,3.41,3.11,1.91,0.81,-0.09
5.81,5.61,4.31,3.71,3.61,3.01,3.21,3.31,4.01,3.91,3.41,2.81,2.91,2.71,2.21,1.71,0.61,0.21,-2.09,-0.59,1.01,1.91,-1.59,-0.89,-0.49,-2.89,-3.39,-2.39,-1.39,-0.29,0.51,1.11,0.41,-1.49,-0.49,-0.59,0.11,1.01,0.41,-0.09,0.01,-0.79,0.91,1.21,1.01,0.61,0.41,0.61,0.41,2.11,3.71,4.31,4.51,5.41,6.51,7.41,8.21,8.91,8.91,8.41,8.71,9.11,9.81,10.21,10.81,10.71,10.21,10.41,10.71,11.31,10.31,8.91,8.31,8.21,6.71,4.61,2.81,3.11,1.11
5.41,5.01,4.11,4.11,3.81,3.71,3.31,3.41,3.91,3.81,3.91,3.21,3.31,3.31,2.61,2.71,2.11,1.51,-0.79,-1.09,-0.19,0.21,0.11,-1.89,-0.79,0.01,-3.49,-3.19,-2.29,-1.09,-2.09,-1.49,-2.89,-0.29,-0.49,-0.69,0.51,0.41,0.31,2.01,0.61,1.31,1.51,1.91,1.31,0.91,2.81,1.91,1.81,1.61,3.31,4.61,5.41,6.51,6.91,8.11,8.41,9.01,8.81,9.61,9.61,9.81,10.31,10.91,10.51,10.81,11.21,10.71,10.91,10.81,10.41,10.01,9.11,7.71,7.41,7.11,4.51,5.21,4.61
4.91,4.81,4.31,4.31,3.91,4.11,3.31,4.11,4.71,4.81,4.21,4.51,3.61,3.71,3.31,3.81,2.91,2.61,1.31,0.81,-1.59,0.01,0.41,-0.29,-0.29,-1.69,-3.89,-4.19,-3.09,-2.19,-1.19,-0.19,-0.09,-0.69,-0.69,-0.69,-0.29,0.91,0.41,1.41,1.31,0.91,0.51,0.01,0.91,-0.99,0.71,1.11,0.41,1.21,0.41,4.71,5.61,7.81,8.91,9.21,9.11,9.31,9.01,9.51,9.81,9.91,10.71,10.61,11.21,11.31,11.21,10.91,11.41,10.61,10.81,9.11,9.21,8.61,7.81,7.61,6.11,5.81,5.81
5.31,4.81,4.81,4.51,3.81,4.51,3.41,3.61,4.01,4.31,4.11,3.91,4.51,4.11,3.91,4.01,3.11,2.91,2.31,2.21,-0.79,-1.19,0.41,-0.09,-0.19,-1.79,-4.19,-3.59,-3.79,-2.89,-3.99,-0.69,-1.19,-0.09,-0.69,-0.39,-0.09,1.51,1.51,7.61,3.01,1.01,1.41,-0.19,-0.59,1.21,3.81,2.51,2.81,5.01,4.21,2.31,2.61,5.51,11.41,9.91,9.41,9.41,9.91,10.81,11.01,10.21,10.71,10.91,11.31,11.21,10.81,11.31,11.11,10.91,9.91,9.21,8.71,8.81,7.81,7.91,7.31,6.01,8.61
5.21,5.21,5.41,5.51,4.41,4.61,3.01,3.81,4.01,4.11,4.31,4.41,4.01,4.01,3.91,3.81,3.21,3.61,2.21,1.81,1.61,-1.09,0.51,-0.19,0.11,-0.79,-2.99,-4.19,-3.89,-3.09,-3.69,-0.69,-0.89,-0.19,-0.09,-0.29,-0.59,0.41,1.01,7.31,1.71,0.21,-0.19,-0.09,4.11,3.21,-1.19,1.31,-0.09,3.91,3.81,2.71,0.01,-0.49,0.91,-1.69,-1.49,2.31,9.61,10.71,11.51,10.21,11.41,11.11,11.41,11.11,11.21,10.61,10.31,10.51,10.61,10.21,9.81,8.71,8.31,10.31,9.71,7.71,10.01
3.91,4.51,4.91,4.61,5.01,4.01,2.91,3.51,3.71,4.11,4.41,3.91,3.21,3.61,3.61,3.91,3.71,3.31,1.81,0.41,1.91,0.61,-0.89,0.91,0.01,-0.19,-2.49,-0.69,-2.99,-2.29,-2.99,-3.39,-0.59,-0.29,-0.29,0.31,-0.39,0.71,4.11,3.81,-0.29,0.11,0.11,0.71,-0.59,-1.29,1.41,-0.99,-1.89,1.41,-1.09,-1.79,0.41,1.61,1.31,3.41,11.11,9.11,9.91,1.91,5.31,10.11,9.41,10.71,10.41,11.11,10.61,10.01,7.11,9.11,8.31,8.11,7.11,8.91,7.01,8.11,6.41,8.11,6.41
3.41,3.81,3.31,3.51,4.11,3.21,3.31,3.21,3.71,3.11,3.61,3.01,3.01,3.51,3.61,3.91,3.31,2.41,2.31,0.81,1.81,1.71,0.91,-0.79,-0.89,0.31,-0.89,-0.09,-3.19,-0.79,-2.79,-3.79,-1.09,-0.79,-0.89,-0.59,-0.79,0.31,1.11,-0.99,-0.39,0.31,-0.49,0.51,-1.19,-2.49,-2.59,1.81,-0.59,-1.99,0.41,-0.09,1.41,-1.29,0.61,1.01,2.91,0.71,1.51,1.61,2.81,1.81,2.11,2.81,6.61,9.31,9.91,9.31,9.41,5.71,7.41,5.71,7.51,5.11,6.61,7.11,2.81,-0.79,2.31
2.61,2.91,2.71,2.71,2.61,2.71,2.81,3.31,3.11,2.81,2.81,3.21,2.31,2.61,3.11,2.41,2.71,2.31,2.21,1.61,1.91,2.01,1.81,-0.29,-0.39,-0.19,-1.09,1.41,-3.99,-3.49,-3.09,-4.09,-4.89,-4.89,-3.99,-4.29,0.01,-2.39,-2.19,-1.69,-5.49,-1.39,-0.79,-0.39,-1.69,-4.09,-4.29,-5.49,-2.39,-2.59,-2.79,-1.49,-0.79,-0.39,0.11,-0.99,0.31,-0.19,1.21,0.01,0.91,0.21,0.91,1.41,1.91,1.71,2.91,5.41,6.31,3.01,4.31,5.11,5.31,7.41,-2.09,-1.39,2.41,-0.09,-2.79
1.41,1.61,1.61,2.01,1.81,1.91,2.21,2.21,2.51,1.41,2.71,0.01,1.31,0.71,1.91,2.11,2.71,3.01,2.41,3.01,2.61,1.71,1.71,1.21,-1.49,-0.79,0.11,1.61,-2.69,-5.19,-4.19,-4.99,-4.99,-4.99,-4.69,-4.09,-2.99,-2.69,-3.59,-4.89,-3.59,-1.19,-5.69,-4.19,-3.79,-5.39,-5.59,-4.99,-3.59,-3.09,-3.19,-3.19,-2.29,-1.69,-1.99,-1.69,-1.89,-2.29,-0.89,-0.69,-0.09,0.41,0.91,-0.79,0.71,-0.39,-0.39,0.31,-2.89,-0.59,2.91,3.31,1.31,3.01,-0.39,4.01,-2.49,-4.39,-3.09
0.71,0.21,-0.89,-0.29,0.31,1.21,1.81,1.51,1.11,0.21,-0.29,-0.59,-0.39,0.61,0.01,0.21,0.51,1.41,1.61,2.61,1.91,2.21,1.21,0.01,-0.49,-1.49,0.11,-0.89,-1.69,-2.69,-3.29,-4.29,-4.89,-3.99,-6.19,-4.69,-4.09,-4.29,-4.79,-5.99,-7.29,-5.99,-5.59,-5.19,-5.19,-6.19,-6.89,-5.49,-4.39,-3.99,-2.39,-3.09,-2.39,-3.69,-2.79,-2.29,-1.59,-2.09,-1.79,-2.49,0.01,-0.69,0.21,-0.19,0.91,-0.09,0.21,-1.09,-0.89,-1.69,-1.49,0.01,-1.19,-1.59,-0.39,0.31,0.81,-2.39,-4.19
-0.69,-1.49,-1.29,-0.49,0.31,-0.39,-0.79,-1.09,-1.19,-2.19,-2.99,-2.79,-2.69,-1.99,-1.59,-0.79,0.91,1.11,3.11,4.01,3.11,1.61,1.51,0.41,-1.09,-2.69,-3.49,-3.09,-0.69,0.01,-0.39,0.71,-1.19,-0.29,-2.09,-3.09,-5.39,-5.79,-4.89,-5.09,-4.89,-5.59,-5.59,-5.99,-4.99,-3.39,-3.79,-5.09,-3.89,-3.79,-4.19,-4.19,-3.39,-5.09,-3.79,-2.89,-2.69,-2.49,-2.69,-2.49,-0.99,-0.29,0.01,0.41,0.41,0.11,0.31,1.41,-0.29,2.81,-0.69,3.51,3.71,2.21,-1.09,-5.99,1.71,0.21,-2.49
-0.59,-1.49,-0.39,-0.79,-0.29,-1.89,-2.69,-4.39,-4.39,-4.69,-5.39,-5.09,-4.39,-3.49,-2.59,-1.19,-0.29,1.51,2.41,3.01,3.51,1.41,2.01,0.91,-1.69,-3.89,-4.69,-5.49,-5.59,-4.89,-4.79,-3.19,-1.19,0.81,-0.59,0.11,-0.09,2.11,-4.69,-2.89,-1.99,-2.79,-4.09,-3.19,-2.79,-0.29,-2.09,-2.19,0.11,-1.99,-4.69,-5.39,-5.89,-4.69,-4.49,-4.49,-4.69,-4.39,-3.39,-1.39,-0.79,-0.69,-0.49,-0.49,-0.39,1.11,1.91,0.11,2.61,0.21,2.11,1.31,2.01,1.71,3.21,0.91,-3.49,-1.09,-1.19
-0.79,-0.69,-0.89,-0.69,-1.59,-4.09,-4.89,-6.19,-6.59,-6.89,-6.39,-4.89,-4.29,-3.39,-1.39,-0.19,0.61,2.51,3.61,3.91,2.21,1.01,0.81,0.31,-1.59,-3.79,-4.89,-5.69,-6.19,-6.29,-6.69,-6.89,-7.79,-8.19,-7.39,-6.59,-6.29,-6.19,-1.49,-5.99,-5.99,-7.79,-3.79,0.11,-0.29,-0.59,0.01,0.41,1.41,-3.19,-4.09,-5.49,-5.79,-6.09,-6.19,-5.19,-4.69,-4.59,-3.49,-3.79,-3.09,-1.69,-0.49,-0.39,0.11,1.71,2.11,3.11,1.51,-0.69,1.71,1.51,-0.19,2.71,4.21,5.61,2.51,-1.89,-3.49
0.01,-0.69,-2.79,-3.59,-4.79,-6.59,-6.79,-7.29,-7.79,-7.59,-5.99,-4.49,-4.49,-3.79,-1.59,-0.49,1.11,-1.09,4.71,3.51,1.31,0.41,0.41,-1.49,-3.19,-3.79,-4.99,-5.59,-6.59,-7.49,-7.39,-7.89,-7.99,-7.89,-7.89,-7.19,-6.59,-6.59,-6.79,-6.89,-6.89,-1.19,-5.59,-6.49,-5.89,-1.19,0.21,0.41,-1.69,-3.19,-3.89,-4.39,-4.99,-5.49,-5.99,-5.39,-5.49,-4.49,-4.19,-3.49,-2.59,-2.09,-0.79,1.31,0.21,0.81,1.11,3.91,4.21,2.71,1.01,0.41,4.11,10.31,10.91,9.41,-1.99,-2.09,-1.89
-2.59,-4.49,-5.59,-6.09,-7.59,-8.19,-7.79,-8.29,-7.09,-6.19,-5.79,-4.69,-4.59,-4.99,-0.79,-0.69,-1.39,-1.59,-1.99,-3.49,-1.09,-0.59,0.21,-2.89,-2.99,-3.99,-4.99,-6.09,-6.59,-7.59,-8.59,-7.89,-8.09,-8.19,-8.69,-7.39,-6.89,-6.39,-5.69,-5.49,-6.19,-5.99,-5.19,-5.19,-4.59,-3.09,-1.69,-0.49,-3.29,-1.79,-3.69,-3.29,-3.39,-3.09,-5.29,-4.69,-4.79,-4.69,-3.89,-3.59,-2.59,-1.49,-1.49,-0.09,0.31,0.91,1.41,2.71,2.01,4.81,9.01,12.11,14.51,13.31,9.41,6.51,-3.99,-2.89,-2.19
-6.39,-7.19,-7.59,-7.59,-9.09,-9.09,-8.79,-8.29,-5.79,-6.79,-5.49,-5.49,-4.99,-4.99,-3.09,-3.49,-2.79,-3.19,-4.39,-4.59,-2.39,-1.99,-2.09,-2.59,-3.69,-5.29,-5.49,-6.89,-7.29,-7.49,-8.19,-8.39,-7.79,-8.79,-8.09,-6.99,-5.99,-6.19,-5.69,-4.39,-4.79,-5.49,-4.19,-3.59,-3.19,-2.09,-1.19,-2.19,-1.79,-2.69,-4.89,-3.69,-4.99,-3.59,-2.49,-2.99,-2.99,-4.09,-5.59,-3.69,-2.99,-0.99,0.61,0.61,0.41,0.31,-0.29,0.91,-0.29,7.71,8.91,6.61,4.91,2.91,4.81,-4.29,-6.49,-4.79,-3.59
-7.19,-8.39,-8.79,-9.49,-9.79,-9.49,-8.79,-7.39,-6.29,-5.69,-6.19,-6.09,-6.49,-6.39,-5.39,-4.69,-3.59,-5.09,-5.59,-5.89,-5.79,-4.49,-3.59,-2.99,-5.19,-5.39,-6.79,-6.59,-6.39,-7.29,-8.59,-8.79,-8.59,-8.19,-8.19,-6.19,-5.39,-5.39,-3.69,-2.49,-3.69,-3.99,-3.39,-2.99,-1.79,-2.29,-2.49,-3.69,-6.89,-7.89,-8.49,-5.59,-2.59,-2.39,-5.99,-2.29,-2.09,-2.99,-6.09,-4.79,-3.99,-2.99,-1.39,-0.39,0.01,-1.59,-1.59,-2.09,-0.99,-0.19,-0.99,-3.39,-0.39,-2.99,-9.19,-8.09,-6.09,-6.79,-4.29
-8.09,-9.19,-9.69,-9.79,-10.09,-8.89,-8.09,-7.79,-7.19,-6.59,-6.09,-6.79,-6.59,-6.49,-5.29,-6.09,-4.59,-5.79,-7.59,-7.49,-6.59,-4.79,-3.19,-3.29,-3.99,-5.99,-6.19,-6.49,-6.49,-7.19,-8.29,-8.49,-8.19,-7.79,-7.29,-5.29,-4.49,-4.39,-2.59,-1.69,-1.59,-2.19,-2.09,-1.39,-0.89,-0.49,-4.39,-5.19,-6.69,-9.59,-8.99,-4.29,-2.99,-3.49,-4.79,-2.99,-3.09,-5.29,-5.99,-5.29,-4.29,-3.89,-3.39,-0.89,-1.09,-0.59,-4.59,-2.09,-3.99,-2.99,-3.89,-2.99,-5.99,-7.99,-7.29,-8.29,-8.19,-6.49,-4.99
