gfs.json
{"header": {"discipline": 0, "disciplineName": "Meteorological products", "gribEdition": 2, "center": "kwbc", "centerName": "US National Weather Service - NCEP(WMC)", "subcenter": 0, "refTime": "2026-04-13T00:00:00.000Z", "significanceOfRT": 1, "significanceOfRTName": "Start of forecast", "productStatus": 0, "productStatusName": "Operational products", "productType": 1, "productTypeName": "Forecast products", "productDefinitionTemplate": 0, "productDefinitionTemplateName": "Analysis/forecast at horizontal level/layer at a point in time", "parameterCategory": 2, "parameterCategoryName": "Momentum", "parameterNumber": 3, "parameterNumberName": "V-component_of_wind", "parameterUnit": "m.s-1", "genProcessType": 2, "genProcessTypeName": "Forecast", "forecastTime": 0, "surface1Type": "sfc", "surface1TypeName": "Unknown", "surface1Value": 10, "surface2Type": 255, "surface2TypeName": "Missing", "surface2Value": 0, "gridDefinitionTemplate": 0, "gridDefinitionTemplateName": "Latitude_Longitude", "numberPoints": 65160, "shape": 6, "shapeName": "Earth spherical with radius of 6,371,229.0 m", "gridUnits": "degrees", "resolution": 48, "winds": "true", "scanMode": 0, "nx": 360, "ny": 181, "basicAngle": 0, "subDivisions": 0, "lo1": 0.0, "la1": 90.0, "lo2": 359.0, "la2": -90.0, "dx": 1.0, "dy": 1.0}, "data":
[rows 144 to 179 of 181, columns 0 to 80 of 360]
-0.19,0.01,-0.59,-0.29,0.01,0.51,-0.59,-0.49,-1.09,-2.39,-3.29,-3.39,-4.09,-4.89,-4.59,-5.19,-5.49,-5.69,-4.79,-3.89,-3.69,-2.89,-1.89,-1.19,-0.29,1.11,2.31,2.91,3.31,4.31,5.31,5.11,4.11,5.71,6.61,7.31,8.31,9.31,11.31,13.61,16.61,16.31,13.01,4.51,3.41,1.71,-0.19,-4.49,-7.79,-7.89,-7.29,-11.59,-13.79,-15.39,-15.39,-14.79,-15.89,-14.69,-12.39,-11.49,-9.99,-8.39,-6.59,-4.49,-2.99,-2.19,-2.79,-1.19,0.91,-2.69,-2.49,-1.59,-1.49,-0.59,-3.79,-1.89,0.21,2.11,3.71,4.91,6.11
2.21,1.91,1.71,2.31,1.11,-0.59,-1.79,-1.19,-1.89,-2.39,-3.19,-3.89,-3.29,-3.09,-3.09,-2.69,-2.59,-2.59,-2.69,-1.99,-1.09,-0.29,0.11,0.31,0.81,1.51,2.51,3.61,4.51,4.71,4.61,5.31,5.21,6.31,7.31,8.31,9.61,10.21,11.71,14.51,17.01,18.31,16.61,8.31,5.21,5.11,-0.69,-4.39,-2.99,-5.99,-10.09,-10.39,-13.79,-14.69,-15.29,-15.39,-13.79,-11.59,-12.09,-10.79,-8.99,-6.89,-4.89,-3.59,-3.19,-2.39,-2.49,-2.49,-1.79,-4.39,-3.09,-4.39,-4.49,-4.59,-4.89,-2.49,-0.39,2.41,4.51,5.71,6.21
1.01,0.71,-0.09,-0.89,-1.69,-2.29,-2.29,-2.49,-2.59,-2.89,-2.69,-3.19,-3.09,-2.79,-3.09,-2.39,-1.49,-0.99,-0.79,0.11,0.91,1.01,1.21,1.81,2.21,2.81,2.61,2.71,4.91,5.31,5.01,4.71,6.11,5.71,7.51,9.61,10.61,10.71,11.31,13.41,16.21,17.31,18.31,15.61,9.01,6.01,2.21,-1.59,-4.59,-7.19,-9.99,-11.09,-12.59,-13.39,-12.49,-11.39,-11.29,-11.59,-10.59,-9.29,-7.49,-5.19,-3.89,-2.19,-0.29,-0.39,-0.39,-5.49,-4.29,-3.29,-4.99,-5.29,-4.09,-5.59,-6.19,-3.89,-1.49,1.61,3.71,5.11,5.51
1.11,0.51,-0.09,-0.99,-0.99,-1.19,-1.39,-2.39,-2.79,-2.79,-2.69,-2.69,-2.79,-1.99,-1.49,-1.19,-0.59,0.41,1.51,2.71,3.11,3.51,3.91,3.11,2.51,2.91,4.01,3.41,4.31,3.61,3.31,4.01,5.01,6.31,7.31,8.71,10.01,11.11,12.11,12.31,13.01,14.21,14.71,16.11,14.21,10.31,5.41,1.81,-1.09,-4.49,-6.49,-7.19,-7.19,-7.89,-9.09,-10.39,-10.09,-10.09,-8.79,-6.89,-5.39,-4.39,-2.39,-1.09,-0.19,2.11,-0.09,-1.69,-6.39,-4.69,-6.59,-6.19,-5.79,-5.59,-7.39,-5.29,-2.59,0.21,3.01,4.71,4.61
0.71,-0.89,-1.09,-1.29,-1.89,-2.29,-2.59,-2.49,-2.89,-2.59,-2.49,-1.69,-0.99,-0.99,-0.59,0.11,0.91,1.41,1.81,2.91,3.91,4.21,3.91,3.71,3.81,3.71,4.31,4.31,0.81,1.71,2.41,3.11,4.41,6.21,7.11,7.81,8.41,10.01,11.21,11.91,12.01,11.31,10.71,10.21,10.51,8.91,7.01,5.01,2.91,0.61,-1.89,-4.29,-6.69,-7.89,-8.09,-8.19,-7.59,-6.69,-6.39,-5.79,-2.79,-1.89,-0.69,0.31,1.01,0.31,-0.69,-2.99,-7.19,-6.69,-7.89,-7.29,-7.29,-7.09,-5.39,-4.19,-4.19,-1.79,1.01,2.11,5.21
-0.09,-2.29,-2.79,-2.99,-2.99,-2.89,-2.89,-3.19,-2.99,-2.49,-2.19,-2.39,-0.29,-0.59,0.61,1.01,1.41,2.31,3.31,3.91,4.81,5.61,3.01,3.01,3.01,2.91,2.51,-1.29,0.01,0.81,2.31,3.91,4.91,6.11,7.21,7.81,8.31,6.61,7.71,9.11,9.71,10.31,10.71,6.91,6.41,4.91,2.61,1.01,-0.59,-2.09,-2.99,-4.09,-4.89,-5.59,-5.79,-5.89,-4.79,-4.69,-4.79,-3.59,-2.39,-1.49,0.01,0.61,3.01,-1.39,-2.39,-5.99,-7.29,-7.99,-5.99,-5.79,-6.29,-5.89,-6.09,-5.39,-6.19,-3.99,-1.19,1.61,2.61
-2.09,-1.69,-2.39,-2.69,-2.89,-2.19,-1.99,-1.59,-1.29,-0.89,-1.19,-0.69,0.21,0.81,1.51,2.31,2.71,3.31,3.11,2.71,3.51,3.61,3.51,1.61,1.51,1.81,-1.19,-1.29,0.51,2.31,3.81,4.71,5.71,7.21,7.91,8.71,7.21,5.01,3.31,4.71,6.41,7.51,7.11,7.31,7.11,5.31,2.31,0.01,-0.19,-1.69,-2.59,-3.09,-3.69,-3.79,-4.29,-4.09,-3.19,-1.89,-1.19,-3.69,-2.69,0.11,2.91,4.21,0.91,-1.19,-3.69,-6.09,-8.39,-7.89,-9.19,-6.99,-4.89,-5.19,-5.39,-6.39,-6.39,-5.09,-2.89,-0.69,1.81
0.91,-0.19,-0.89,-1.49,-2.79,-2.29,-0.49,0.61,0.61,-0.09,-1.29,-1.09,0.31,1.51,2.11,2.31,3.41,3.61,3.31,1.71,3.01,4.81,3.91,0.61,1.41,-2.79,-1.59,0.31,2.31,4.21,3.41,5.61,6.41,7.81,8.31,7.71,7.01,7.01,4.61,2.81,1.81,3.61,4.21,4.91,3.61,3.21,2.71,2.51,1.71,0.21,-0.89,-1.09,-1.29,-1.69,-1.59,-1.69,-2.29,-1.69,-3.99,-3.39,-1.59,0.01,2.31,3.31,0.11,-3.49,-3.09,-5.69,-5.99,-9.29,-8.69,-8.29,-7.29,-6.29,-5.49,-4.59,-6.59,-5.29,-4.19,-2.29,-0.59
1.11,0.61,0.21,0.21,0.51,0.71,-0.19,-1.99,0.21,-0.49,-1.19,-0.29,1.71,3.11,3.91,3.51,2.31,0.31,2.41,1.51,1.71,2.21,2.11,1.51,-1.19,-1.79,0.21,2.61,1.71,3.31,4.71,5.11,6.61,6.91,7.61,7.81,7.01,6.91,6.91,6.61,2.31,1.01,1.81,2.01,2.91,2.41,1.71,1.81,1.11,1.31,-1.49,-1.89,-1.69,-0.79,-1.19,-1.59,-1.59,-4.09,-5.19,-2.99,-0.69,0.21,0.81,3.01,3.31,-3.29,-5.09,-4.29,-8.39,-8.09,-7.49,-6.99,-6.49,-5.59,-4.59,-4.49,-4.59,-4.59,-3.39,-3.79,-2.79
0.71,0.81,1.11,0.71,0.01,0.41,0.51,-2.49,-1.89,-1.39,-0.39,1.21,1.81,2.81,4.21,4.21,3.21,2.01,1.21,1.51,2.31,2.71,0.61,-0.09,0.01,-0.59,-1.09,-0.49,2.51,3.51,4.31,6.21,6.01,6.91,7.91,7.61,7.71,7.41,6.71,6.31,3.51,1.61,2.91,4.31,3.11,0.31,-0.29,1.71,2.01,0.01,-1.39,-0.19,1.01,-2.29,-2.19,-0.59,-5.79,-5.59,-3.09,-0.79,0.61,0.31,0.11,1.91,2.41,4.11,-6.99,-5.69,-8.59,-8.59,-7.49,-6.29,-5.19,-4.09,-3.49,-2.99,-3.29,-2.49,-4.19,-3.79,-3.69
1.51,2.11,1.11,0.91,0.01,-0.19,-0.39,-1.59,-1.19,-0.59,0.21,1.11,0.01,1.71,2.81,3.41,3.41,3.81,4.21,4.41,4.51,4.21,3.41,2.71,2.51,-0.29,-1.19,1.01,2.51,2.81,4.31,5.81,5.91,6.71,8.01,7.61,7.71,6.31,5.21,4.71,4.61,4.11,3.71,2.81,2.21,1.61,0.91,1.01,1.31,0.01,0.41,0.11,0.71,-3.29,-3.29,-2.29,-1.39,-0.69,0.11,1.11,0.61,-1.29,-2.59,0.61,-0.39,-2.09,-1.69,-1.39,-2.29,-3.69,-3.79,-3.29,-2.49,-1.79,-2.09,-1.89,-1.19,-1.69,-1.09,-4.99,-5.39
3.11,1.81,2.71,2.31,0.61,-0.99,-1.09,-0.39,-0.49,-0.19,-1.19,-0.59,0.61,1.81,3.01,3.91,4.61,5.01,5.11,4.91,4.51,4.11,3.51,2.81,2.21,1.71,1.21,1.21,2.61,3.81,5.71,5.61,6.31,7.01,6.11,6.31,5.51,4.51,4.31,4.21,7.11,2.71,2.71,3.21,1.51,1.11,0.71,-0.09,0.41,-0.79,-0.79,-1.49,-0.19,-0.69,0.31,-0.09,2.01,1.51,1.21,2.21,5.11,-0.69,-5.99,-3.59,-3.19,-4.19,-3.49,-2.49,-1.89,-1.29,-1.49,-1.49,-1.09,-0.99,-0.59,-0.49,-0.69,-0.39,0.11,-1.09,-2.99
2.81,2.41,1.61,1.01,1.31,1.61,1.51,1.41,1.71,2.21,2.61,3.11,3.71,4.41,5.01,5.21,5.31,5.31,5.11,4.71,4.21,4.11,3.31,2.71,2.11,1.81,1.61,1.31,2.11,2.91,4.11,4.61,4.51,4.81,4.61,4.21,3.61,4.01,4.21,4.11,4.31,4.51,4.61,5.51,4.51,3.81,2.91,3.91,2.81,0.91,-0.99,-0.29,2.41,3.91,4.31,3.71,4.31,5.01,3.91,2.31,4.11,3.51,0.31,-1.29,-1.49,-0.89,-0.09,-0.29,0.01,0.71,1.21,1.61,2.11,2.81,2.81,2.71,2.61,1.91,2.91,1.21,2.31
1.71,1.51,1.41,1.81,2.11,2.51,3.01,3.51,4.31,4.51,4.91,5.31,5.21,5.11,5.21,5.11,5.41,5.61,5.31,6.01,7.81,5.41,4.11,2.51,1.81,1.41,0.91,1.01,0.61,1.31,2.91,2.21,3.31,4.01,4.11,3.71,3.51,2.91,2.51,2.21,1.91,1.91,2.21,2.31,2.21,2.11,1.91,3.81,3.41,0.61,3.11,-0.09,-2.99,-1.59,-2.89,0.31,3.11,2.41,3.41,4.21,3.31,3.31,2.71,2.11,1.81,1.11,0.41,-0.19,-0.49,0.51,1.41,1.71,2.11,2.51,2.51,2.61,1.01,0.91,1.31,1.61,1.71
0.01,0.81,1.71,1.91,2.41,3.01,3.71,4.61,5.01,5.41,5.81,6.11,5.81,5.51,5.71,5.41,5.11,4.91,5.21,5.81,6.41,4.01,2.61,1.01,0.51,0.71,0.71,0.61,0.71,1.11,1.91,2.41,2.71,2.81,3.91,4.71,4.41,3.91,3.01,2.31,0.61,1.51,0.51,1.71,5.61,8.11,8.41,4.81,5.81,2.21,2.61,1.21,2.71,3.61,5.71,4.61,3.51,5.21,5.31,5.21,4.51,4.51,4.01,3.71,3.21,3.21,3.01,3.01,3.01,2.81,1.81,3.11,2.41,1.81,0.91,0.51,-0.09,-1.69,-1.09,-0.59,2.01
2.51,2.71,2.81,3.01,3.61,4.21,4.51,4.21,4.31,4.61,5.21,4.51,3.61,3.41,3.61,3.71,3.91,4.21,3.61,3.71,3.01,3.61,3.71,2.91,2.31,1.71,1.81,1.51,1.71,2.11,2.21,2.41,2.11,0.51,1.61,2.41,3.51,4.21,3.01,2.21,0.41,1.01,2.11,2.31,3.51,3.81,6.71,8.21,9.31,5.21,3.11,0.91,1.71,2.41,4.41,4.91,4.71,5.31,6.21,6.21,5.91,5.01,4.41,4.01,3.91,2.61,2.71,3.21,1.21,-0.19,1.21,3.71,4.31,3.41,0.01,-1.89,-2.19,-1.19,1.21,1.71,0.91
3.51,2.61,2.81,3.01,3.01,3.11,4.51,2.71,2.31,2.11,2.11,3.31,5.11,2.21,3.21,2.11,1.21,3.11,2.21,3.51,3.91,3.71,4.01,3.91,3.91,3.91,2.51,3.21,2.41,1.91,1.51,2.11,3.31,3.11,2.41,6.31,9.91,13.91,14.81,4.01,0.41,0.31,1.21,0.91,0.31,1.11,2.21,3.61,4.71,5.31,5.01,4.51,3.61,3.31,3.41,4.41,5.01,5.51,6.61,7.71,8.31,8.71,9.51,8.81,6.51,6.01,6.61,4.81,1.71,-0.39,2.71,0.61,2.11,0.21,-0.29,4.01,2.21,0.71,0.31,0.61,1.61
4.21,1.61,1.91,3.31,4.81,4.21,4.31,7.31,5.01,3.71,4.21,4.71,5.51,4.71,6.01,7.81,5.11,4.81,3.51,2.41,3.51,5.11,3.71,3.81,4.91,6.41,7.81,6.41,5.41,5.11,4.61,4.81,5.01,4.81,5.11,4.01,5.51,7.21,8.91,9.21,8.21,5.91,5.01,4.21,3.51,2.91,2.71,2.61,3.21,3.71,4.11,5.01,5.51,5.51,5.61,6.01,5.91,5.71,6.11,5.91,5.71,5.71,5.41,5.91,8.11,10.31,10.51,8.21,6.81,6.61,3.31,-0.09,-3.39,-4.29,-4.59,-4.69,-3.89,-1.99,-0.99,-1.59,-1.39
2.11,2.71,3.21,3.21,4.51,5.21,7.21,6.91,7.51,6.31,5.71,4.11,2.31,5.41,5.81,6.01,4.51,5.81,5.51,4.51,5.61,5.31,3.11,3.81,5.41,6.11,8.91,11.41,13.91,10.51,8.21,5.91,6.31,6.21,5.71,6.31,6.41,7.41,7.91,7.81,7.61,7.01,6.31,5.91,5.51,5.01,4.71,4.21,4.71,4.81,5.51,5.91,6.41,6.31,6.31,6.31,6.21,6.41,7.01,6.71,6.21,7.21,7.31,7.71,8.91,9.21,9.01,7.01,6.41,3.61,1.41,2.01,-1.59,-2.49,-2.89,-3.19,-2.79,-2.49,-2.19,-1.89,-1.39
0.71,-1.49,-2.39,-1.99,-1.79,-1.89,-1.89,0.21,1.91,1.81,0.91,0.41,0.11,1.11,2.81,3.81,4.41,4.51,4.91,5.41,6.11,6.71,6.61,6.01,5.71,5.11,7.41,8.61,10.11,11.91,9.91,7.21,6.91,7.01,6.51,5.51,4.71,5.11,6.11,7.01,6.91,6.91,7.21,6.91,6.81,6.51,6.41,6.61,6.21,6.31,6.31,6.41,6.91,6.71,6.71,6.81,6.91,7.41,7.31,7.11,8.21,9.11,7.71,10.41,9.01,7.91,8.01,2.51,0.21,3.21,4.31,-1.49,-2.49,-3.19,-1.89,-3.39,-3.69,-2.39,-1.69,-1.59,-1.59
1.21,0.01,-0.69,-0.89,-1.39,-1.79,-1.99,-2.09,-2.29,-2.39,-2.19,-1.79,-1.19,-0.59,0.21,0.81,1.11,1.41,1.61,2.11,2.81,3.11,3.41,3.71,4.21,4.81,5.61,6.71,7.21,7.71,7.81,7.31,6.31,6.61,6.21,5.51,5.41,5.61,5.91,6.11,6.41,6.51,6.91,6.91,6.71,6.81,7.21,7.41,7.41,7.41,7.51,7.71,8.11,8.61,8.51,9.01,8.71,8.41,7.91,9.41,11.01,12.21,12.61,13.01,12.51,12.01,9.51,7.81,5.21,1.81,-0.09,-1.49,-2.09,-2.69,-3.29,-3.79,-3.69,-3.19,-2.99,-2.59,-2.39
-2.59,-2.39,-2.19,-2.09,-2.29,-2.29,-2.69,-3.19,-3.59,-3.89,-3.99,-3.89,-3.29,-2.89,-2.59,-2.29,-1.89,-1.29,-0.79,-0.59,-0.09,0.41,0.71,1.11,1.91,2.81,3.41,4.01,4.71,5.31,5.61,5.71,5.81,5.41,5.21,5.01,4.71,4.71,5.11,5.11,5.41,5.61,5.91,6.11,6.51,6.71,7.01,7.11,7.31,7.31,7.31,8.01,8.41,8.81,9.91,10.91,11.31,11.31,11.91,12.41,12.11,12.31,12.51,11.81,13.21,12.91,11.31,9.61,7.91,6.01,4.91,3.61,2.81,1.81,-1.29,-3.19,-2.89,-3.09,-2.69,-2.39,-2.49
-4.29,-4.19,-4.19,-4.29,-4.19,-4.19,-4.39,-4.49,-4.59,-4.79,-4.89,-4.89,-4.89,-4.49,-4.09,-3.89,-3.79,-3.49,-3.09,-2.89,-2.69,-2.49,-2.19,-1.89,-1.39,-0.79,0.31,1.21,2.11,2.81,3.21,3.61,3.91,4.01,4.01,4.01,4.21,4.31,4.41,4.61,4.91,5.21,5.41,5.61,5.71,6.01,6.21,6.41,6.61,7.21,7.61,7.81,8.21,8.31,8.81,9.21,9.71,10.01,10.41,10.71,11.41,11.41,10.81,10.51,10.31,10.71,10.71,10.61,10.51,9.51,8.01,6.41,5.21,4.41,3.01,1.31,0.11,-1.39,-1.89,-2.39,-2.19
-4.49,-4.49,-4.69,-5.09,-5.29,-5.29,-5.49,-5.59,-5.49,-5.49,-5.59,-5.59,-5.59,-4.99,-4.49,-4.69,-4.49,-4.59,-4.59,-4.19,-3.69,-3.39,-3.29,-3.09,-2.59,-2.29,-2.19,-1.99,-1.59,-0.99,-0.49,-0.09,0.31,0.71,1.11,1.61,1.91,2.31,2.71,3.21,3.71,4.21,4.61,4.81,5.01,5.31,5.61,5.71,5.81,6.11,6.31,6.51,6.71,6.81,7.11,7.41,7.71,7.91,7.81,7.31,7.31,7.71,7.91,7.81,7.91,8.11,8.31,8.51,9.11,9.21,9.21,8.81,7.61,6.81,6.11,4.71,3.81,3.21,1.81,0.51,-0.29
-4.29,-4.29,-4.49,-4.69,-4.89,-5.09,-5.29,-5.39,-5.59,-5.69,-5.79,-5.69,-5.59,-5.49,-5.39,-5.29,-5.19,-5.19,-4.99,-4.79,-4.49,-4.09,-3.69,-3.29,-3.19,-3.39,-3.09,-2.79,-2.69,-2.49,-2.39,-2.39,-2.29,-2.19,-1.99,-1.69,-1.39,-1.09,-0.79,-0.29,0.41,1.31,2.11,2.91,3.51,4.01,4.51,4.81,5.01,5.31,5.41,5.81,6.01,6.31,6.51,6.71,6.81,7.11,7.51,7.61,7.31,6.91,6.81,6.81,6.61,6.41,6.31,6.01,5.81,5.41,5.41,5.51,5.51,5.41,4.91,4.61,5.21,5.31,4.51,3.71,3.31
-4.49,-4.49,-4.49,-4.59,-4.69,-4.69,-4.79,-5.19,-5.19,-5.29,-5.49,-5.69,-5.79,-5.79,-5.79,-5.69,-5.59,-5.39,-5.39,-5.29,-5.09,-4.79,-4.49,-4.39,-4.29,-4.29,-3.89,-3.69,-3.79,-3.59,-3.49,-3.39,-3.29,-3.19,-3.09,-2.79,-2.69,-2.39,-2.09,-1.59,-0.89,-0.09,0.61,1.41,2.21,2.81,3.21,3.71,4.01,4.61,4.91,5.11,5.21,5.21,5.31,5.51,5.71,5.81,5.91,6.01,6.01,6.11,6.01,5.91,5.81,5.81,6.01,6.01,5.81,5.91,5.81,5.41,5.11,4.91,4.81,4.61,4.31,4.41,4.61,4.81,5.11
-4.69,-4.69,-4.69,-4.69,-4.69,-4.99,-5.29,-5.49,-5.59,-5.69,-5.79,-5.79,-5.69,-5.89,-5.99,-5.99,-5.99,-5.99,-5.79,-5.79,-5.69,-5.49,-5.49,-5.39,-5.29,-4.99,-4.79,-4.49,-4.39,-4.29,-4.19,-4.19,-4.09,-3.99,-3.99,-3.89,-3.69,-3.59,-3.39,-3.19,-2.89,-2.49,-2.19,-1.59,-0.89,-0.19,0.71,1.61,2.21,2.71,3.01,3.31,3.51,3.71,3.91,4.11,4.31,4.51,4.51,4.51,4.41,4.51,4.51,4.31,4.31,4.31,4.41,4.51,4.51,4.51,4.41,4.41,4.41,4.21,4.01,3.71,3.71,4.01,4.31,4.51,4.61
-5.29,-5.39,-5.49,-5.39,-5.49,-5.69,-5.79,-5.79,-5.79,-5.89,-5.99,-5.99,-5.99,-5.99,-6.09,-6.29,-6.39,-6.49,-6.49,-6.39,-6.29,-6.09,-5.99,-5.99,-5.89,-5.89,-5.79,-5.79,-5.79,-5.69,-5.59,-5.49,-5.29,-5.19,-5.19,-5.19,-5.19,-4.99,-4.79,-4.59,-4.39,-4.19,-3.99,-3.69,-3.29,-2.99,-2.59,-2.39,-2.09,-1.59,-0.99,-0.39,0.11,0.71,1.11,1.51,1.81,2.01,2.21,2.41,2.41,2.51,2.41,2.51,2.51,2.61,2.61,2.81,2.91,3.01,3.21,3.31,3.41,3.41,3.41,3.11,2.91,3.01,3.11,3.01,2.91
-2.49,-2.69,-2.89,-2.99,-3.09,-3.19,-3.39,-3.49,-3.69,-3.79,-3.89,-4.09,-4.29,-4.39,-4.49,-4.39,-4.39,-4.49,-4.69,-4.89,-5.09,-5.29,-5.49,-5.69,-5.79,-5.89,-5.89,-5.79,-5.79,-5.69,-5.59,-5.69,-5.79,-5.89,-5.79,-5.79,-5.79,-5.69,-5.59,-5.29,-4.99,-4.59,-4.29,-4.09,-3.99,-3.89,-3.69,-3.59,-3.29,-2.99,-2.59,-2.29,-1.89,-1.59,-1.29,-0.99,-0.79,-0.79,-0.69,-0.49,-0.39,-0.39,-0.39,-0.29,-0.19,-0.09,0.01,0.11,0.31,0.41,0.51,0.91,1.51,1.91,2.11,2.21,2.21,2.31,2.41,2.51,2.51
-1.59,-1.59,-1.69,-1.89,-1.99,-2.09,-2.19,-2.19,-2.19,-2.19,-2.19,-2.39,-2.59,-2.79,-3.19,-3.39,-3.69,-3.79,-3.89,-3.99,-4.09,-4.19,-4.39,-4.49,-4.69,-4.89,-4.99,-5.09,-5.19,-5.19,-5.19,-5.29,-5.29,-5.29,-5.29,-5.29,-5.39,-5.29,-5.19,-4.89,-4.59,-4.19,-3.99,-3.79,-3.79,-3.79,-3.89,-3.89,-3.89,-3.79,-3.59,-3.39,-3.09,-2.79,-2.59,-2.29,-2.09,-1.89,-1.79,-1.79,-1.69,-1.49,-1.19,-0.89,-0.59,-0.29,-0.09,0.11,0.21,0.31,0.41,0.41,0.51,0.61,0.71,0.81,0.91,1.01,1.21,1.41,1.61
-2.19,-2.19,-2.19,-2.19,-2.19,-2.09,-2.09,-2.19,-2.29,-2.39,-2.49,-2.49,-2.59,-2.59,-2.59,-2.69,-2.89,-2.99,-3.09,-3.09,-3.19,-3.49,-3.69,-3.79,-3.99,-4.09,-4.19,-4.29,-4.29,-4.39,-4.49,-4.59,-4.79,-4.89,-4.99,-5.09,-5.19,-5.19,-5.19,-5.19,-4.99,-4.79,-4.49,-4.19,-3.89,-3.79,-3.69,-3.59,-3.49,-3.39,-3.29,-3.19,-2.99,-2.89,-2.79,-2.69,-2.49,-2.39,-2.29,-2.19,-2.09,-2.09,-1.99,-1.89,-1.79,-1.79,-1.69,-1.69,-1.49,-1.29,-1.09,-0.69,-0.49,-0.19,0.01,0.21,0.41,0.61,0.71,0.91,1.11
-2.89,-2.89,-2.89,-2.89,-2.79,-2.69,-2.69,-2.59,-2.59,-2.59,-2.69,-2.69,-2.69,-2.79,-2.69,-2.69,-2.69,-2.79,-2.89,-3.09,-3.29,-3.49,-3.69,-3.89,-3.99,-4.09,-4.29,-4.39,-4.49,-4.49,-4.59,-4.59,-4.69,-4.79,-4.79,-4.89,-4.89,-4.89,-4.89,-4.89,-4.89,-4.79,-4.69,-4.59,-4.39,-4.09,-3.79,-3.59,-3.39,-3.29,-3.19,-3.09,-2.99,-2.99,-2.89,-2.79,-2.69,-2.69,-2.59,-2.39,-2.29,-2.09,-1.99,-1.79,-1.59,-1.39,-1.29,-1.09,-0.99,-0.79,-0.69,-0.49,-0.39,-0.29,-0.09,0.01,0.11,0.21,0.31,0.31,0.51
-4.19,-4.19,-4.19,-4.19,-4.19,-4.19,-4.19,-4.19,-4.29,-4.29,-4.29,-4.29,-4.29,-4.29,-4.29,-4.39,-4.39,-4.39,-4.39,-4.39,-4.39,-4.39,-4.49,-4.49,-4.59,-4.69,-4.69,-4.69,-4.79,-4.89,-4.99,-4.99,-4.99,-5.09,-5.09,-5.09,-4.99,-4.89,-4.79,-4.59,-4.39,-4.19,-4.09,-3.89,-3.79,-3.59,-3.49,-3.39,-3.29,-3.09,-2.99,-2.79,-2.69,-2.59,-2.49,-2.39,-2.29,-2.19,-2.19,-2.09,-1.99,-1.89,-1.79,-1.69,-1.59,-1.39,-1.29,-1.09,-0.99,-0.89,-0.69,-0.49,-0.39,-0.19,-0.09,0.01,0.21,0.31,0.51,0.61,0.71
-4.49,-4.59,-4.59,-4.59,-4.69,-4.69,-4.69,-4.69,-4.69,-4.69,-4.69,-4.69,-4.79,-4.79,-4.79,-4.79,-4.79,-4.79,-4.79,-4.79,-4.89,-4.89,-4.89,-4.99,-4.99,-4.99,-4.99,-4.99,-4.89,-4.89,-4.89,-4.79,-4.79,-4.79,-4.69,-4.69,-4.59,-4.59,-4.49,-4.39,-4.29,-4.19,-4.09,-3.89,-3.79,-3.59,-3.39,-3.19,-2.99,-2.79,-2.59,-2.39,-2.19,-2.09,-1.99,-1.89,-1.79,-1.69,-1.59,-1.49,-1.39,-1.29,-1.19,-1.09,-0.99,-0.89,-0.79,-0.69,-0.49,-0.39,-0.29,-0.19,-0.09,-0.09,0.01,0.11,0.31,0.41,0.51,0.61,0.71
-3.69,-3.79,-3.79,-3.89,-3.89,-3.99,-3.99,-3.99,-4.09,-4.09,-4.09,-4.09,-4.09,-4.09,-4.19,-4.19,-4.19,-4.19,-4.29,-4.29,-4.39,-4.39,-4.39,-4.39,-4.49,-4.49,-4.49,-4.49,-4.59,-4.59,-4.69,-4.69,-4.79,-4.89,-4.89,-4.89,-4.99,-4.99,-4.89,-4.89,-4.79,-4.69,-4.59,-4.39,-4.29,-4.09,-3.89,-3.69,-3.49,-3.29,-2.99,-2.89,-2.69,-2.49,-2.29,-2.09,-1.99,-1.79,-1.69,-1.49,-1.29,-1.09,-0.89,-0.79,-0.59,-0.39,-0.29,-0.09,0.11,0.21,0.41,0.51,0.71,0.81,1.01,1.11,1.31,1.41,1.51,1.71,1.81
-3.59,-3.69,-3.79,-3.89,-3.89,-3.99,-3.99,-4.09,-4.19,-4.19,-4.29,-4.29,-4.29,-4.39,-4.39,-4.49,-4.49,-4.49,-4.59,-4.59,-4.59,-4.59,-4.69,-4.69,-4.69,-4.69,-4.69,-4.79,-4.79,-4.79,-4.79,-4.79,-4.79,-4.79,-4.89,-4.89,-4.89,-4.89,-4.89,-4.89,-4.89,-4.89,-4.89,-4.89,-4.79,-4.79,-4.79,-4.69,-4.59,-4.59,-4.49,-4.39,-4.29,-4.19,-3.99,-3.89,-3.69,-3.49,-3.39,-3.19,-2.99,-2.79,-2.59,-2.49,-2.29,-2.09,-1.89,-1.79,-1.59,-1.39,-1.29,-1.09,-0.89,-0.79,-0.69,-0.49,-0.39,-0.29,-0.09,0.01,0.11
