gfs.json
{"header": {"discipline": 0, "disciplineName": "Meteorological products", "gribEdition": 2, "center": "kwbc", "centerName": "US National Weather Service - NCEP(WMC)", "subcenter": 0, "refTime": "2026-04-13T06:00:00.000Z", "significanceOfRT": 1, "significanceOfRTName": "Start of forecast", "productStatus": 0, "productStatusName": "Operational products", "productType": 1, "productTypeName": "Forecast products", "productDefinitionTemplate": 0, "productDefinitionTemplateName": "Analysis/forecast at horizontal level/layer at a point in time", "parameterCategory": 2, "parameterCategoryName": "Momentum", "parameterNumber": 3, "parameterNumberName": "V-component_of_wind", "parameterUnit": "m.s-1", "genProcessType": 2, "genProcessTypeName": "Forecast", "forecastTime": 0, "surface1Type": "sfc", "surface1TypeName": "Unknown", "surface1Value": 10, "surface2Type": 255, "surface2TypeName": "Missing", "surface2Value": 0, "gridDefinitionTemplate": 0, "gridDefinitionTemplateName": "Latitude_Longitude", "numberPoints": 65160, "shape": 6, "shapeName": "Earth spherical with radius of 6,371,229.0 m", "gridUnits": "degrees", "resolution": 48, "winds": "true", "scanMode": 0, "nx": 360, "ny": 181, "basicAngle": 0, "subDivisions": 0, "lo1": 0.0, "la1": 90.0, "lo2": 359.0, "la2": -90.0, "dx": 1.0, "dy": 1.0}, "data":
[rows 108 to 143 of 181, columns 243 to 323 of 360]
-1.67,-0.47,-0.27,0.33,0.63,1.53,2.33,1.93,2.03,2.43,2.73,3.13,3.43,3.53,2.53,3.63,1.43,3.33,2.13,2.33,2.73,2.53,3.03,3.53,3.43,4.53,5.43,5.43,7.03,6.43,6.63,6.33,5.73,6.03,6.33,4.83,5.93,5.03,3.43,5.53,5.83,5.33,4.93,4.73,4.33,2.83,2.53,1.33,-1.27,-1.97,-0.97,1.03,0.83,-0.37,-1.97,-1.67,-1.27,-0.17,-1.37,-0.37,-1.37,-1.67,-0.17,-0.37,0.13,-0.37,-0.97,-0.77,-0.07,0.43,0.83,1.13,0.03,-1.37,0.83,-0.07,1.03,2.03,5.13,5.53,6.03
-0.77,-0.57,-0.67,0.83,1.03,2.03,2.23,2.83,2.83,3.23,3.03,2.73,3.43,2.43,3.33,2.73,2.63,2.63,3.53,2.63,3.33,3.73,2.13,4.13,3.83,3.13,3.93,5.83,6.13,7.23,5.93,7.23,6.53,5.03,5.73,5.83,4.93,4.83,5.53,4.63,4.63,4.73,4.93,4.93,4.83,3.73,2.53,-0.07,0.13,-0.07,0.13,-1.87,-0.97,0.53,0.93,-1.87,-2.07,0.03,0.53,-0.57,-1.37,-1.87,-0.57,0.23,-0.17,-1.77,-0.97,-0.57,-1.27,-0.47,0.13,1.33,0.23,0.43,-0.47,0.03,0.73,1.73,5.13,4.33,4.73
-1.37,-1.47,0.03,-0.77,-0.07,0.63,0.63,2.13,2.53,2.33,1.23,3.23,3.53,2.73,2.83,2.93,1.63,2.63,1.33,2.63,2.93,2.63,1.83,3.53,5.53,6.23,5.33,5.13,6.03,6.93,7.33,6.73,6.73,6.63,6.83,6.63,6.23,6.33,5.93,2.83,3.43,4.23,4.43,4.03,4.53,4.43,2.83,-0.87,-0.17,-1.17,-2.07,-0.27,-1.27,0.53,0.83,1.53,0.53,-0.27,-0.77,-1.37,0.23,0.83,0.03,-0.17,-0.17,-0.57,0.13,-0.07,-1.47,-1.17,-0.27,0.53,1.93,0.63,0.13,0.93,2.03,5.03,4.43,4.03,4.83
-1.87,-0.27,-0.17,0.73,0.03,0.53,0.33,1.83,1.93,1.73,3.23,1.83,0.83,1.23,2.03,1.93,3.13,2.23,1.63,1.93,2.63,1.03,3.23,2.93,4.03,3.93,4.83,5.03,5.53,6.73,6.53,5.23,5.93,7.03,6.33,5.43,6.63,4.53,6.63,5.13,3.83,3.53,4.53,4.43,4.53,4.13,3.33,0.53,0.53,1.63,3.43,-0.47,-0.17,0.63,0.63,0.73,-0.37,-0.27,1.33,-0.37,0.53,1.43,3.23,0.33,1.03,0.13,1.43,0.43,-1.57,0.63,-0.37,0.23,0.63,0.93,1.33,-1.37,-0.87,2.53,4.33,5.43,5.43
0.23,-0.37,-0.47,-0.67,0.53,-0.17,0.33,0.63,0.53,1.43,1.43,2.33,1.13,0.73,0.83,2.03,2.03,2.43,1.73,2.53,1.23,2.03,2.03,3.53,2.73,3.73,4.93,5.03,6.03,6.13,6.53,6.13,6.13,6.53,5.63,5.23,7.03,3.83,4.43,5.03,5.43,3.43,2.83,3.93,4.03,4.43,3.23,-1.07,-1.47,-0.77,0.73,0.13,-2.17,-0.57,-0.57,0.33,-0.87,-0.27,0.63,0.73,0.23,0.33,0.73,1.23,0.13,0.93,0.33,0.63,1.13,-0.17,-0.77,-1.07,0.53,-0.37,-0.47,0.53,0.33,2.53,3.53,4.43,6.13
-0.17,-1.07,0.33,0.03,-0.17,-0.07,0.13,0.53,1.13,0.63,0.83,1.13,1.13,0.63,0.73,0.43,1.63,1.13,1.93,0.93,1.43,1.93,2.23,3.33,3.93,4.03,5.03,5.73,5.73,6.73,6.23,6.13,6.33,5.03,6.33,6.93,6.33,4.23,3.63,5.23,3.73,3.53,2.93,3.23,3.83,4.63,4.03,-0.67,0.03,0.23,-1.57,-0.97,-0.87,-0.27,0.03,1.33,-0.07,-0.47,-0.27,0.83,-0.97,0.53,0.73,1.53,1.93,0.63,1.13,0.43,1.13,1.13,0.23,-1.27,-0.47,-1.87,-1.87,-0.97,1.83,2.53,4.23,4.13,4.33
-0.77,-2.17,-1.67,-1.17,-0.77,-1.07,-0.67,-0.37,0.13,0.63,0.63,0.73,0.43,0.83,0.63,0.03,0.33,0.03,0.53,1.23,1.43,1.43,1.73,2.53,2.53,3.63,4.43,4.43,5.93,5.13,6.23,6.53,7.03,6.73,6.33,6.03,5.83,6.33,4.73,4.93,4.13,2.83,1.33,2.63,3.23,3.53,4.43,0.23,0.23,-0.17,-2.57,-2.07,0.03,-0.47,0.43,1.23,-0.57,-0.67,-0.57,-0.97,-0.77,-0.97,0.43,0.23,-2.27,-1.27,-0.27,-0.17,0.43,0.73,-1.47,-2.27,-4.57,-4.17,-2.37,-0.57,0.83,2.33,2.23,1.73,3.33
-0.57,-0.67,-1.87,-0.57,-0.77,-1.17,-0.87,-0.77,-0.57,-0.37,0.03,0.23,0.33,0.53,0.13,1.33,-0.17,-0.77,0.33,0.13,0.73,1.03,1.13,1.83,2.53,2.83,3.73,4.33,4.33,4.53,4.53,6.03,5.53,5.73,7.33,7.53,7.43,6.33,5.43,4.53,4.03,4.73,3.83,3.13,3.03,3.63,4.33,-5.37,1.93,0.13,-1.07,-0.37,-0.57,0.33,-0.97,-0.87,-0.87,-1.07,-1.97,-2.37,-1.97,-2.87,-2.47,-1.17,-0.47,-0.07,0.83,1.03,0.73,-0.07,-5.97,-6.17,-4.67,-3.47,-2.27,-1.47,0.13,1.33,2.43,1.93,4.13
-1.77,-0.27,-0.37,-0.17,0.03,-0.47,-0.57,-0.47,0.03,0.53,0.73,0.93,1.23,0.73,0.53,0.43,0.43,1.13,0.33,0.33,-0.07,0.53,0.73,1.63,1.53,2.93,3.03,3.43,3.43,4.53,4.43,4.13,4.83,5.63,6.03,5.73,6.03,7.03,6.43,5.73,2.63,4.23,2.93,3.83,3.33,3.43,4.13,0.23,-2.77,-0.17,-2.37,-0.77,1.13,-0.07,-0.17,-0.17,-1.57,-1.17,-0.77,-0.47,1.43,0.73,0.93,0.23,0.03,0.53,0.03,0.03,-0.27,-6.47,-5.87,-5.27,-3.67,-3.57,-3.27,-1.17,-1.17,0.43,2.23,3.13,4.23
-2.67,-2.87,-1.97,-0.37,-0.47,-0.57,0.03,0.83,1.13,1.53,1.83,1.13,1.13,1.53,1.03,0.33,0.23,0.33,0.13,-0.87,-0.47,0.23,-0.67,0.63,1.63,2.63,4.03,5.03,3.93,3.13,4.13,4.33,4.43,5.33,4.53,6.33,5.43,4.33,4.93,5.93,2.73,4.53,5.33,4.83,4.33,3.43,2.83,-0.67,-1.47,-1.67,-0.17,-1.67,0.43,-1.17,-0.17,-0.57,-0.57,0.13,-0.17,-0.07,0.73,0.73,-0.17,0.13,-0.27,-0.97,-0.27,0.03,0.13,-7.27,-6.67,-5.17,-5.17,-3.87,-3.07,-2.17,-1.87,0.03,1.43,1.63,2.03
-0.87,-2.17,-2.27,-1.07,-0.47,-0.27,0.23,0.83,1.23,0.93,0.83,0.03,0.33,0.53,-0.07,0.83,0.83,-0.17,-1.37,-1.17,-1.67,-1.87,-1.67,-0.87,0.43,1.53,3.13,2.93,3.83,4.43,0.13,4.33,5.43,6.93,5.23,4.13,5.93,6.93,4.03,7.03,5.13,4.83,6.43,6.23,5.23,4.23,-1.07,-0.77,-5.07,-0.37,-2.07,0.23,-0.17,-0.57,0.53,0.73,0.33,-0.67,-1.47,-1.27,-0.17,0.03,-0.27,-1.07,-0.57,-0.37,-0.77,-0.37,-1.57,-6.37,-6.67,-5.77,-4.87,-3.57,-3.27,-3.27,-2.27,-1.17,0.83,0.93,1.53
-0.87,-0.67,-1.27,-1.37,-0.57,0.43,0.63,0.13,0.63,1.83,3.03,1.73,1.83,0.23,1.43,1.23,0.03,-0.57,-1.37,-3.47,-3.37,-2.57,-1.47,-0.27,-0.97,-1.47,0.33,1.63,1.63,2.13,4.43,4.73,5.73,5.93,6.83,4.53,3.83,4.93,5.03,7.03,7.23,6.53,7.13,7.43,7.33,5.73,-0.27,0.23,-2.67,-1.07,1.83,1.53,-1.67,0.33,1.23,0.13,0.63,1.13,-1.97,-1.77,-1.57,-1.27,-0.47,-0.67,-0.47,-0.67,-0.57,-0.57,-1.87,-9.97,-7.97,-7.07,-5.97,-4.27,-4.17,-3.37,-2.97,-1.37,-0.47,0.43,1.63
-1.27,-1.57,-2.57,-2.87,-2.07,-1.27,1.03,1.23,1.53,1.13,1.23,0.93,0.53,0.83,1.83,2.13,0.93,0.43,-0.67,-1.37,-4.27,-3.87,-3.87,-3.67,-3.27,-1.77,-1.67,-0.37,1.33,3.23,3.43,4.13,5.23,6.13,7.03,6.43,3.73,4.43,4.23,5.53,6.73,8.63,8.53,8.63,8.63,7.63,-0.07,-0.07,-0.67,2.93,-0.67,-0.87,0.53,0.73,0.33,0.83,1.03,1.03,1.13,1.63,-1.07,-1.17,-0.67,-0.57,-0.27,-0.47,-0.97,-0.77,-4.07,-10.47,-9.27,-8.07,-6.57,-6.17,-5.37,-3.67,-3.87,-1.47,0.03,0.43,1.03
-3.57,-0.87,-0.47,-1.07,-2.07,-0.77,-1.17,-0.97,-0.57,0.03,0.43,1.43,-1.07,-1.57,0.23,0.83,0.23,0.33,-1.47,-1.97,-2.87,-5.57,-5.07,-4.87,-5.27,-4.17,-2.77,-1.87,0.13,1.43,2.43,2.83,3.03,4.03,4.83,6.63,3.83,6.03,6.53,7.33,8.13,8.73,9.53,9.43,9.13,7.63,-0.47,0.93,-1.17,1.03,-6.67,-5.57,0.63,-0.57,1.23,1.03,1.23,0.93,1.13,1.33,0.63,1.93,0.33,0.33,-0.07,-0.27,-1.67,-0.97,-6.37,-9.57,-9.07,-8.47,-8.37,-7.37,-6.07,-5.57,-3.17,-1.67,-1.27,1.43,0.23
-3.57,-2.77,-2.67,-2.37,-2.17,-2.17,-1.67,-0.27,-1.47,-1.37,-1.37,-0.47,-2.27,-2.37,-1.47,0.23,-0.17,-0.67,-2.67,-3.07,-4.27,-5.47,-3.57,-6.47,-5.17,-3.87,-2.67,-2.67,-1.37,-0.37,-0.37,0.33,1.63,2.33,3.13,5.13,5.43,5.23,7.43,7.93,8.03,9.13,9.63,9.83,9.83,7.63,-0.67,-1.47,-0.17,-3.87,-6.07,-1.67,0.03,-2.37,-1.17,-0.07,0.43,0.53,1.03,0.23,-0.17,0.33,1.33,1.63,1.23,1.73,0.83,-3.87,-5.37,-9.27,-10.37,-9.47,-9.77,-8.97,-6.97,-5.47,-4.17,-1.97,-1.57,0.63,0.63
-4.67,-4.27,-3.27,-2.57,-2.67,-2.77,-2.87,-2.77,-2.07,-1.67,-1.57,-1.47,-3.17,-4.17,-3.47,-2.47,-2.27,-1.87,-2.77,-3.77,-4.67,-5.77,-7.37,-6.87,-6.67,-4.87,-3.87,-2.27,-2.47,-3.27,-2.37,-1.87,-0.57,0.83,1.63,1.53,4.43,4.83,5.73,6.13,7.63,7.83,9.93,10.03,9.13,8.03,0.73,0.13,-0.07,1.23,-7.37,-3.77,-3.87,-3.37,-2.37,-1.07,0.13,0.43,0.93,0.83,0.33,0.63,1.03,1.93,1.83,3.03,4.13,1.53,-6.57,-11.57,-11.57,-11.47,-10.27,-10.17,-8.07,-7.17,-5.07,-4.67,-2.57,-1.97,-0.17
-3.67,-3.37,-3.27,-3.47,-3.17,-3.07,-2.87,-3.17,-3.77,-3.47,-3.57,-2.87,-3.27,-3.67,-3.97,-3.97,-4.47,-4.37,-4.17,-5.27,-5.87,-5.17,-6.37,-6.07,-5.47,-4.87,-3.17,-5.77,-4.97,-5.57,-4.97,-4.27,-2.77,-1.67,-0.07,0.73,1.53,2.83,3.93,5.73,7.23,9.23,8.83,9.83,10.63,3.03,0.73,-1.67,1.03,2.43,-2.67,-2.07,-3.07,-2.67,-2.57,-1.97,-1.07,-0.77,0.03,-0.17,0.23,0.73,0.13,0.93,3.43,4.63,3.23,2.53,-2.87,-11.47,-12.77,-11.47,-10.77,-10.97,-9.27,-7.77,-6.87,-6.17,-4.67,-3.57,-2.07
-0.17,-0.07,-2.27,-2.47,-2.97,-2.97,-2.67,-3.17,-3.67,-4.47,-4.37,-5.07,-5.27,-5.27,-4.67,-4.97,-5.07,-5.57,-5.87,-5.97,-6.27,-6.97,-6.87,-7.87,-5.97,-6.07,-5.27,-6.07,-7.37,-7.67,-6.67,-5.97,-4.97,-3.87,-2.67,-1.17,0.13,1.53,2.83,5.33,7.23,9.43,9.93,9.03,8.93,1.73,0.23,-1.17,-1.37,3.23,-0.37,-2.77,-1.77,-2.07,-2.37,-2.17,-1.37,-0.77,-0.17,0.23,-0.77,0.23,0.53,3.43,3.83,3.83,3.93,2.73,-2.57,-10.97,-13.37,-11.67,-10.77,-10.77,-9.37,-8.47,-6.37,-6.27,-6.27,-4.97,-4.27
1.73,0.23,-0.27,-0.47,-0.17,-0.97,-0.47,-1.37,-3.17,-3.67,-4.57,-5.67,-6.97,-6.37,-6.27,-6.17,-5.97,-5.97,-6.37,-7.47,-8.07,-8.07,-8.37,-9.07,-6.97,-6.07,-8.27,-9.37,-8.87,-8.67,-8.27,-7.87,-7.07,-5.87,-4.87,-3.27,-1.67,-0.27,1.93,3.73,6.23,8.43,10.13,10.53,5.53,2.33,-0.67,-1.27,-1.67,1.43,-2.27,-4.37,-2.67,-2.37,-2.57,-2.27,-1.37,-0.97,-1.37,-0.47,-0.97,0.23,1.03,2.93,3.13,4.93,3.83,6.53,0.43,-9.47,-12.57,-12.37,-11.47,-10.27,-9.87,-9.17,-7.07,-6.47,-6.57,-5.97,-5.77
-2.47,-0.37,0.73,-0.37,-0.67,0.03,0.93,0.53,-0.17,-2.37,-3.37,-4.67,-6.27,-6.17,-7.57,-7.47,-7.87,-7.77,-8.27,-7.67,-8.07,-8.17,-9.87,-9.27,-9.07,-8.57,-9.27,-10.27,-9.67,-10.57,-9.87,-9.27,-8.87,-7.87,-6.97,-5.77,-4.17,-2.37,0.13,2.13,4.73,7.03,9.33,11.33,1.03,1.73,-1.77,-0.47,-3.67,1.13,2.23,-4.77,-3.67,-2.27,-0.47,0.93,0.33,0.23,0.73,0.53,-0.17,-0.67,0.93,3.03,4.73,4.43,3.13,4.43,2.53,-9.37,-13.77,-13.57,-12.27,-11.27,-9.97,-9.47,-7.97,-6.57,-7.47,-7.07,-6.87
-1.97,-0.77,1.13,2.23,1.43,3.33,3.13,3.83,2.83,1.53,-0.17,-2.57,-5.07,-6.37,-7.07,-7.57,-7.97,-7.37,-8.17,-8.57,-8.37,-8.87,-9.57,-10.37,-11.47,-11.37,-11.17,-12.57,-11.97,-11.57,-11.77,-10.67,-9.47,-9.37,-8.47,-7.27,-5.87,-4.17,-2.07,0.83,2.93,5.53,7.83,9.13,-0.57,0.93,-0.97,-1.07,1.33,-0.37,3.33,-0.17,1.43,1.43,0.63,-0.37,2.53,2.53,1.73,1.33,-0.07,-0.27,1.33,2.03,3.93,5.73,7.03,6.23,0.53,-10.97,-16.87,-14.27,-11.37,-10.27,-9.67,-9.07,-7.57,-7.77,-7.87,-7.67,-7.57
0.73,0.83,2.83,3.93,4.13,4.53,3.83,4.93,3.93,1.83,-0.47,-1.97,-3.17,-3.87,-5.77,-6.57,-7.67,-8.17,-8.87,-8.87,-9.37,-9.77,-10.07,-10.97,-11.97,-12.97,-13.97,-14.17,-14.77,-14.07,-12.87,-12.77,-10.97,-8.87,-8.97,-8.47,-7.47,-5.47,-4.37,-2.37,0.83,3.63,5.73,7.03,0.43,0.13,-1.77,-1.17,-0.57,0.23,-1.57,-1.87,-1.77,-0.37,0.53,-0.07,1.13,2.23,3.53,4.43,3.53,2.93,2.03,3.03,4.33,6.03,6.23,9.03,-4.57,-11.57,-13.17,-14.87,-14.47,-11.97,-9.87,-8.27,-7.67,-9.47,-8.57,-8.37,-8.17
7.03,6.73,6.23,6.23,6.83,7.53,9.23,10.23,10.63,10.33,7.73,4.33,2.53,2.23,-0.87,-4.37,-5.67,-4.47,-3.17,-1.57,-2.67,-6.27,-8.17,-9.27,-9.97,-12.07,-14.17,-16.17,-15.87,-16.47,-15.17,-14.17,-12.87,-11.47,-9.57,-9.67,-8.37,-7.27,-5.87,-4.27,-1.87,0.43,4.43,4.93,0.93,0.13,-0.57,-1.37,-1.07,-0.97,-0.77,-3.17,-2.47,-1.47,-0.77,-0.17,0.93,2.53,3.93,5.53,5.73,4.93,3.33,2.63,3.53,5.73,7.83,10.33,-0.17,-13.47,-13.57,-13.07,-11.57,-10.37,-9.07,-7.57,-9.17,-9.87,-9.17,-8.77,-8.47
6.43,7.03,7.73,8.43,9.03,9.53,10.23,10.63,10.23,9.83,9.03,9.73,8.93,6.93,5.83,6.33,4.63,3.63,3.63,4.73,3.63,2.83,2.33,-2.37,-6.57,-10.07,-12.77,-15.07,-17.17,-17.47,-17.97,-15.77,-14.47,-12.47,-11.67,-9.97,-9.17,-8.87,-6.97,-5.97,-4.57,-2.37,1.13,2.43,0.73,-0.57,0.33,-1.77,-5.67,-3.07,-0.87,-2.57,-4.97,-3.17,-2.17,-0.67,0.03,1.83,3.43,5.13,5.73,6.33,6.53,3.73,2.33,3.33,4.73,1.63,4.13,-1.57,-7.07,-7.27,-6.57,-9.37,-9.37,-7.77,-6.47,-8.37,-8.37,-7.87,-7.57
5.33,6.23,6.63,7.23,7.93,8.23,8.73,8.43,9.33,9.63,8.03,7.63,8.53,8.73,8.23,7.33,8.03,7.73,6.63,6.93,5.13,5.83,6.73,5.43,-0.47,-3.87,-11.17,-14.57,-15.47,-17.67,-17.37,-16.97,-16.07,-14.07,-12.47,-10.67,-10.37,-9.57,-9.37,-8.27,-7.17,-5.67,-3.17,0.33,0.93,0.53,-0.37,-1.77,-2.47,-5.67,-6.77,-7.67,-7.37,-5.87,-3.87,-2.47,-1.77,0.43,2.63,4.13,4.43,6.13,6.83,8.43,9.53,1.33,3.13,-1.87,-4.47,-2.97,-6.47,-7.07,-10.37,-9.97,-8.87,-6.27,-5.27,-8.07,-6.47,-6.17,-6.97
4.63,5.53,6.53,7.23,7.83,8.63,8.43,8.23,7.93,8.53,7.23,7.83,7.33,7.43,7.73,5.73,6.13,7.33,7.03,6.33,7.63,7.53,8.83,10.03,10.13,1.33,-6.47,-11.37,-14.27,-17.47,-18.57,-16.27,-13.07,-11.87,-11.57,-11.37,-11.67,-10.97,-9.57,-10.57,-9.27,-9.17,-7.37,-1.07,-0.67,-1.07,0.33,-1.87,-3.77,-2.37,-3.87,-9.47,-7.97,-7.27,-6.77,-4.67,-3.07,-1.47,1.03,2.83,4.43,5.63,6.63,7.43,7.73,8.63,6.33,-0.47,1.83,-6.27,-6.57,-6.07,-7.17,-5.77,-5.87,-5.97,-5.57,-5.67,-5.77,-6.27,-6.77
3.43,4.33,5.43,6.63,6.83,7.23,7.53,7.93,7.93,8.33,7.53,7.83,6.63,5.83,5.43,5.33,6.13,5.43,6.43,7.33,7.03,8.73,9.93,11.13,13.93,12.73,3.23,-5.17,-12.37,-16.17,-15.97,-16.17,-14.37,-12.87,-13.57,-12.37,-11.57,-11.97,-11.67,-11.17,-10.97,-11.17,-10.07,-6.97,0.03,-1.87,-3.07,-2.37,-1.77,-1.67,-5.07,-9.77,-11.77,-10.17,-7.87,-6.27,-3.87,-2.27,-0.57,1.13,2.93,4.43,5.83,6.83,7.53,8.03,8.73,9.53,7.53,-1.27,-1.57,-5.97,-7.47,-6.97,-6.57,-6.37,-6.87,-6.47,-5.87,-5.87,-5.97
3.33,3.73,4.13,5.13,5.63,6.63,7.03,7.23,6.93,6.73,6.13,6.43,6.23,5.93,5.33,5.13,5.43,5.33,5.03,5.73,6.83,8.33,8.63,9.33,10.43,11.93,13.03,10.13,-3.97,-10.27,-10.67,-15.87,-14.57,-12.87,-12.67,-12.37,-12.87,-12.57,-12.57,-12.47,-12.57,-11.97,-12.47,-2.57,-1.87,-1.87,-1.97,-6.57,-2.67,-2.77,-6.97,-9.17,-12.37,-11.37,-9.87,-7.87,-5.37,-3.27,-1.87,-0.27,1.83,3.03,3.93,5.43,6.73,7.43,7.93,9.43,9.63,9.53,6.03,-4.47,-6.77,-7.97,-7.67,-6.87,-6.37,-6.77,-6.97,-6.47,-6.77
2.33,2.53,3.53,3.63,4.93,5.73,6.73,6.33,6.53,5.93,5.53,5.43,5.13,5.53,5.43,5.03,5.43,5.63,6.23,5.53,6.23,6.13,6.73,7.33,7.43,7.33,7.03,8.53,9.03,9.83,-12.37,-13.07,-12.47,-12.37,-12.37,-12.77,-13.77,-12.97,-13.37,-14.07,-14.07,-14.07,-7.57,-2.47,-2.37,-2.17,-4.07,-6.77,-5.37,-4.77,-7.37,-8.47,-13.37,-11.77,-10.57,-9.47,-6.97,-5.17,-4.57,-2.97,-0.97,0.93,2.23,4.23,6.13,7.43,7.93,8.43,9.73,9.73,9.73,10.53,-3.67,-6.27,-7.87,-7.47,-7.07,-7.17,-7.27,-7.17,-7.17
2.43,2.93,2.73,3.43,3.73,3.93,5.13,5.53,5.83,5.53,5.43,4.93,4.93,4.63,4.23,3.53,3.63,5.03,5.73,5.03,5.03,5.13,5.23,5.53,5.73,5.53,5.63,4.93,2.03,2.83,4.53,4.43,6.63,-8.87,-11.97,-13.27,-13.07,-14.47,-14.87,-15.17,-15.57,-16.67,-15.07,-2.37,-2.47,-4.67,-6.27,-5.87,-3.47,-6.87,-6.67,-10.17,-14.37,-12.87,-11.17,-9.17,-8.57,-7.27,-6.07,-5.07,-3.07,-1.17,1.83,4.43,4.93,5.93,7.33,8.83,8.73,9.33,11.03,11.03,10.03,7.93,-6.37,-7.27,-7.97,-7.97,-7.77,-7.97,-7.57
1.13,1.83,1.83,1.93,1.83,1.93,2.93,3.43,3.93,4.53,5.03,4.93,4.23,4.93,4.23,4.33,3.23,4.93,6.03,6.03,4.83,3.93,5.03,4.83,4.83,4.53,3.83,2.83,1.83,0.93,-0.57,-1.97,-2.27,-0.47,-0.27,1.73,-11.87,-14.57,-15.17,-15.47,-17.47,-17.67,-10.17,-5.47,-2.57,-3.77,-9.17,-7.37,-8.07,-7.77,-10.47,-10.07,-14.57,-14.37,-11.57,-10.17,-9.67,-8.17,-6.57,-5.47,-4.57,-2.57,-0.17,1.43,2.33,3.33,4.63,6.23,7.83,9.73,10.13,9.33,10.03,8.33,10.93,-6.97,-7.27,-8.27,-8.37,-8.07,-8.07
0.13,0.13,-0.17,-0.07,0.03,0.53,0.73,1.83,2.93,3.23,3.43,3.93,3.43,3.53,4.03,3.63,3.03,4.13,5.03,5.43,4.93,4.83,4.83,4.53,4.13,3.53,2.83,1.33,0.43,-0.67,-1.57,-3.07,-4.07,-4.77,-6.17,-5.67,-4.87,-1.97,0.33,-17.27,-18.97,-19.47,-8.77,-5.17,-2.47,-6.17,-10.77,-7.07,-6.27,-9.47,-11.27,-12.57,-15.47,-14.57,-13.27,-12.47,-10.67,-9.17,-8.27,-6.67,-5.17,-3.57,-1.97,-1.07,0.13,1.33,2.43,4.13,5.03,6.03,7.93,9.73,8.83,9.53,5.83,7.13,-8.17,-8.07,-8.27,-8.37,-8.37
-0.27,-0.47,0.23,0.43,0.03,-0.27,-0.47,-1.07,-0.07,0.63,2.03,2.93,3.03,3.73,3.33,3.53,2.93,4.03,5.43,5.73,5.23,5.33,5.03,5.13,4.23,2.63,1.63,0.73,-0.47,-2.17,-3.17,-3.47,-5.27,-6.87,-8.27,-8.07,-9.37,-8.37,-6.77,-4.77,-18.27,-22.57,-19.37,-4.87,-3.67,-5.37,-10.77,-13.87,-11.27,-10.27,-12.37,-13.17,-14.07,-15.37,-14.57,-13.37,-11.57,-9.87,-8.97,-7.47,-6.07,-4.37,-2.27,-1.47,-1.17,0.63,1.53,2.43,3.33,3.33,3.13,5.03,7.13,5.63,6.03,3.63,0.73,-9.27,-9.27,-9.57,-9.07
0.43,0.33,0.43,0.43,1.03,0.73,-0.37,-0.37,-1.37,-1.27,-0.17,1.63,2.73,2.63,3.63,3.33,3.33,4.03,4.93,5.63,5.63,5.73,6.03,4.53,3.53,2.73,1.23,-0.37,-1.57,-2.77,-2.97,-4.37,-5.77,-7.57,-8.87,-10.87,-10.47,-9.57,-8.47,-9.47,-9.27,-6.57,-21.67,-8.47,-2.47,-1.07,-12.67,-13.47,-12.57,-14.57,-14.47,-14.27,-14.17,-14.57,-14.47,-13.77,-12.27,-10.37,-9.27,-8.27,-7.17,-5.47,-3.87,-1.77,-1.67,-1.07,1.43,2.33,3.43,3.23,4.23,5.13,6.83,7.83,6.13,2.33,-1.27,-8.47,-10.57,-9.77,-9.07
0.93,1.53,1.63,2.03,1.73,1.83,2.33,1.23,-0.07,-0.77,-2.27,-0.27,2.43,3.23,3.93,3.23,3.33,3.33,5.13,5.93,6.43,6.63,6.43,5.33,4.23,2.93,3.83,2.03,-0.97,-3.07,-4.07,-3.07,-5.87,-8.47,-9.57,-11.37,-11.37,-10.97,-10.57,-10.17,-9.57,-11.37,-2.37,-16.67,-5.07,-1.97,-12.77,-12.87,-11.87,-15.17,-15.37,-14.47,-14.07,-14.67,-14.77,-14.57,-11.77,-8.77,-7.37,-9.27,-8.07,-6.27,-4.87,-2.97,-1.87,-0.27,0.63,1.33,2.53,3.13,3.13,6.63,9.03,9.33,6.33,0.23,-3.47,-9.37,-10.87,-11.07,-10.07
1.23,1.93,2.13,2.93,1.53,1.63,2.93,2.13,2.03,3.63,-3.57,-0.87,2.53,2.23,3.53,3.33,3.23,4.43,6.03,6.73,7.33,7.43,6.83,5.83,5.53,4.93,2.63,1.13,0.93,-3.17,-7.27,-5.77,-6.07,-7.97,-9.97,-11.17,-11.57,-11.17,-11.47,-10.77,-11.27,-11.27,-9.47,-0.07,-8.77,-6.97,-9.37,-11.87,-11.67,-14.77,-14.97,-15.17,-15.07,-14.57,-14.47,-14.67,-13.47,-11.87,-11.37,-9.97,-8.77,-6.97,-5.77,-3.97,-2.77,-1.07,0.73,2.03,3.43,3.63,2.43,6.83,11.13,11.13,7.63,-5.57,-10.47,-12.37,-12.77,-12.07,-10.97
