gfs.json
{"header": {"discipline": 0, "disciplineName": "Meteorological products", "gribEdition": 2, "center": "kwbc", "centerName": "US National Weather Service - NCEP(WMC)", "subcenter": 0, "refTime": "2026-04-09T06:00:00.000Z", "significanceOfRT": 1, "significanceOfRTName": "Start of forecast", "productStatus": 0, "productStatusName": "Operational products", "productType": 1, "productTypeName": "Forecast products", "productDefinitionTemplate": 0, "productDefinitionTemplateName": "Analysis/forecast at horizontal level/layer at a point in time", "parameterCategory": 2, "parameterCategoryName": "Momentum", "parameterNumber": 3, "parameterNumberName": "V-component_of_wind", "parameterUnit": "m.s-1", "genProcessType": 2, "genProcessTypeName": "Forecast", "forecastTime": 0, "surface1Type": "sfc", "surface1TypeName": "Unknown", "surface1Value": 10, "surface2Type": 255, "surface2TypeName": "Missing", "surface2Value": 0, "gridDefinitionTemplate": 0, "gridDefinitionTemplateName": "Latitude_Longitude", "numberPoints": 65160, "shape": 6, "shapeName": "Earth spherical with radius of 6,371,229.0 m", "gridUnits": "degrees", "resolution": 48, "winds": "true", "scanMode": 0, "nx": 360, "ny": 181, "basicAngle": 0, "subDivisions": 0, "lo1": 0.0, "la1": 90.0, "lo2": 359.0, "la2": -90.0, "dx": 1.0, "dy": 1.0}, "data":
[rows 36 to 71 of 181, columns 243 to 323 of 360]
0.58,-0.02,-0.52,-0.32,-0.72,-0.52,0.58,0.68,3.28,1.98,1.68,1.88,1.28,1.48,0.78,0.68,0.38,-0.32,-1.12,-1.12,-1.22,-1.82,-2.12,-2.52,-2.42,-2.12,-1.72,-1.92,-1.82,-2.32,-2.32,-0.62,-0.22,-0.32,0.58,0.78,0.18,-0.42,0.48,2.68,1.58,0.38,0.98,0.08,0.28,1.58,0.68,1.08,0.08,0.58,-0.62,0.18,-0.62,-1.32,-1.12,-1.62,-0.02,-0.72,0.58,1.18,0.58,-0.62,1.28,0.28,-0.22,1.48,-0.42,-0.92,0.28,0.08,1.68,2.58,3.28,3.78,3.38,3.18,4.18,4.18,3.88,3.48,3.98
-0.12,-0.52,0.08,-1.42,-2.32,-0.52,-0.22,1.18,2.18,1.28,1.98,2.28,1.38,1.48,-0.52,1.08,-0.72,-2.02,-1.62,-4.02,-2.52,-3.52,-3.82,-3.52,-4.22,-3.52,-3.42,-3.32,-2.72,-2.42,-2.22,-2.62,-1.52,-1.52,-1.62,-0.72,-0.82,-0.32,0.98,2.08,1.58,0.88,0.88,0.78,1.28,1.28,1.78,0.38,0.58,0.48,0.48,0.28,0.08,0.38,-1.42,-1.62,-0.72,-1.52,-1.62,0.48,0.28,1.08,1.88,0.98,0.48,1.18,0.38,-0.92,1.08,2.78,2.58,1.28,2.48,3.18,2.88,3.18,3.18,3.38,3.38,3.08,2.58
-0.52,1.48,0.58,-1.62,-1.72,-1.12,0.28,2.48,2.58,2.08,2.68,1.58,-0.02,0.18,-0.82,-1.52,2.08,-2.72,-2.02,-4.62,-4.52,-4.02,-4.32,-3.62,-3.72,-3.32,-3.12,-2.72,-2.62,-2.62,-2.22,-2.32,-2.22,-1.52,-1.42,-1.22,-0.22,0.18,1.28,1.68,1.08,1.68,1.38,0.48,0.48,1.28,0.28,-0.52,0.38,-0.32,0.28,-0.02,0.58,0.38,-0.42,-3.42,-3.42,0.98,1.48,2.18,2.58,0.58,0.78,-0.32,0.38,2.88,2.28,0.88,1.28,0.88,4.58,3.08,1.58,2.98,2.68,2.68,1.98,2.68,2.88,2.38,2.28
0.78,-1.32,1.18,-0.72,-0.12,0.68,1.58,2.48,2.58,2.28,1.88,0.88,0.38,-1.52,-1.62,-1.22,-1.92,-2.12,-4.22,-4.72,-6.12,-4.12,-5.22,-3.92,-2.92,-2.92,-3.32,-2.22,-2.12,-1.42,-1.12,-0.42,-0.02,1.08,2.98,2.48,1.98,2.38,2.68,3.18,3.58,2.48,1.78,1.38,0.98,0.78,0.38,1.18,0.68,-0.02,-0.22,-0.52,-0.72,-1.82,-3.12,-1.32,1.58,3.18,4.48,5.78,5.28,0.98,0.98,0.28,1.68,2.08,0.38,-0.82,-1.72,3.78,2.98,2.18,0.08,-0.02,1.78,5.38,4.68,5.28,6.48,7.28,7.08
-0.22,-0.62,-1.52,-1.32,-0.32,1.88,0.88,1.48,1.98,0.88,0.28,0.48,-0.92,-2.02,-3.22,-3.72,-2.62,-2.12,-5.02,-6.12,-6.02,-3.32,-2.82,-2.82,-1.32,-0.52,-0.32,-0.02,-0.12,0.48,1.08,0.58,1.18,2.28,2.78,3.58,4.18,5.18,4.98,4.48,3.88,4.18,3.08,2.28,1.88,0.98,0.58,1.08,0.88,0.68,-0.12,-1.92,-1.72,-0.82,-0.42,3.98,5.98,8.88,8.08,6.88,0.88,1.18,3.28,1.48,-0.02,-0.52,-3.02,-4.92,4.88,3.58,1.38,-0.02,1.08,2.28,3.08,4.28,6.08,6.48,5.68,6.48,5.98
-1.42,-0.22,-0.72,-2.72,-3.52,-4.52,-2.12,-0.52,0.58,0.08,0.68,-0.32,-0.92,-2.12,-2.42,-2.72,-3.42,-4.62,-5.42,-6.12,-5.22,-3.62,-2.52,-1.02,-0.82,-0.02,0.58,0.98,1.28,1.88,2.18,3.88,4.18,4.28,4.88,6.18,5.58,5.38,4.18,4.08,4.08,4.98,4.38,1.88,0.48,0.68,1.58,1.58,-0.22,2.28,4.98,0.68,1.28,2.18,3.38,3.98,5.58,6.48,4.88,2.08,1.78,1.48,1.88,0.88,-2.42,-5.52,-4.72,0.48,2.08,0.28,-0.92,-0.52,-1.62,-1.62,1.98,2.78,4.78,6.88,6.98,6.18,5.18
0.38,0.48,1.28,0.78,1.48,1.88,0.08,2.58,2.58,2.68,1.58,0.58,-0.72,-1.22,-1.72,-2.92,-3.42,-4.72,-4.72,-5.72,-6.42,-3.62,-0.82,0.38,1.18,1.28,1.58,2.18,3.98,5.78,3.18,1.28,6.28,5.88,6.48,7.08,6.28,4.48,4.78,4.58,4.78,3.48,2.58,0.98,0.58,2.38,2.98,0.78,1.88,1.38,0.28,-0.62,1.88,4.88,6.48,6.98,5.78,4.78,2.48,-0.52,0.18,0.08,-0.82,-1.32,-4.32,-5.62,-8.22,-1.42,-2.32,-3.12,-5.02,-6.22,-3.12,1.18,4.28,4.18,3.88,3.58,3.18,1.58,4.18
0.78,-0.92,-0.12,-1.22,-0.72,0.58,2.08,1.88,1.18,0.78,-0.62,0.98,-0.22,-1.12,-1.42,-1.32,-2.82,-3.12,-3.32,-3.72,-3.22,-1.52,-0.82,-0.22,0.18,0.38,3.28,3.18,4.38,2.78,2.28,2.98,4.78,4.98,6.08,7.78,6.98,6.78,5.48,5.08,5.18,3.68,2.88,1.58,1.18,-0.62,-1.62,1.68,1.38,1.18,1.28,0.38,1.58,4.68,5.88,5.58,5.58,1.28,-1.92,-3.52,-3.62,-5.42,-6.12,-3.92,-2.32,-5.02,-4.82,-6.22,-6.52,-8.02,-6.62,-4.52,-0.92,3.08,5.38,4.68,4.98,5.38,4.78,4.38,4.08
-0.22,1.38,0.88,1.28,1.18,-1.72,0.18,-0.62,-1.52,-2.12,0.38,-0.02,0.78,0.38,-1.02,-1.62,-1.72,-2.02,-3.12,-1.82,-2.42,-1.92,-1.42,-0.32,0.18,0.78,1.18,1.68,2.28,1.48,0.58,2.08,7.58,5.58,11.18,11.88,7.58,6.38,6.68,1.48,2.68,1.98,1.68,-0.52,1.38,1.88,0.58,0.98,1.38,0.98,0.68,1.68,1.58,2.58,3.28,3.48,-0.12,0.78,-3.12,-6.02,-6.32,-7.42,-6.22,-6.22,-7.32,-7.82,-8.82,-9.22,-7.62,-6.22,0.58,2.88,2.08,4.28,3.88,-0.02,-6.92,-2.72,2.18,6.68,8.18
-2.42,-0.82,1.18,1.18,-0.12,0.18,0.78,1.18,-0.72,2.38,0.18,0.58,0.58,-0.72,-2.52,-3.32,-3.62,-3.52,-2.82,-3.62,-3.12,-2.62,-2.12,-1.12,-0.82,-0.72,0.28,1.78,1.88,1.58,1.28,11.48,8.78,7.48,12.68,15.48,11.18,6.08,3.68,3.88,4.18,3.88,2.38,2.08,2.38,2.08,-0.12,-0.32,1.28,1.08,0.88,2.38,2.28,0.38,0.58,-0.32,-1.32,-3.22,-5.22,-6.02,-7.02,-7.82,-7.82,-9.12,-9.22,-10.42,-10.22,-7.42,-2.82,1.58,1.38,1.98,-1.22,-7.12,-12.02,3.08,9.58,15.88,15.88,15.08,13.68
-1.62,-0.32,1.98,0.58,-2.32,2.58,2.88,2.48,1.88,2.18,0.98,1.68,0.18,0.88,-1.12,-1.02,-1.12,-1.62,-1.62,-2.32,-3.12,-1.92,-1.72,-1.82,-1.92,-1.42,1.78,2.88,2.28,0.28,4.98,8.98,7.68,9.28,10.98,12.48,8.48,7.78,3.28,3.38,8.28,7.48,5.18,-0.22,2.08,1.58,0.18,1.58,3.28,2.68,1.38,-0.22,-1.82,-3.22,-1.92,0.78,-2.12,-5.42,-5.92,-8.32,-8.72,-9.02,-9.72,-11.22,-11.72,-11.82,-10.22,1.18,0.38,2.18,1.28,-3.72,-7.82,-9.12,1.78,13.58,13.78,13.48,12.88,11.78,12.18
0.28,0.48,-0.82,1.28,2.58,2.98,1.78,-1.02,0.28,1.48,-2.72,-0.62,-0.12,1.08,-1.52,-2.22,-2.52,-1.82,-1.42,-2.42,-2.52,-2.42,-3.82,-3.42,0.88,2.88,1.08,0.08,-0.72,3.58,9.08,11.08,9.38,9.18,6.98,7.38,6.38,6.58,5.68,6.58,6.88,6.38,2.48,0.48,1.68,1.88,1.88,4.88,3.48,2.18,-0.32,-3.72,-4.02,0.98,-1.42,-2.02,-5.32,-7.12,-8.62,-10.92,-11.22,-11.12,-11.42,-11.62,-12.22,-11.72,-4.12,2.28,2.08,-1.52,-4.92,-5.52,-5.82,0.48,11.28,11.98,12.38,11.88,11.38,9.88,9.58
-3.42,-0.42,-0.82,-1.22,-2.02,-1.12,0.88,0.58,-0.22,-0.12,0.28,1.68,0.88,2.48,1.78,-1.82,-1.32,-4.22,-2.62,-3.42,-3.62,-0.12,1.78,0.68,-0.72,-0.62,-0.72,-2.72,4.18,5.68,11.98,8.48,7.78,5.38,6.98,8.88,9.38,6.58,2.88,4.88,3.78,2.58,1.78,2.18,1.48,1.78,1.48,3.28,1.98,-0.92,-2.62,-2.62,-2.82,-4.12,-5.72,-6.72,-8.52,-10.32,-11.02,-11.42,-11.42,-12.52,-12.72,-12.42,-11.62,-6.52,-2.52,-0.82,-1.52,-4.32,-5.82,-5.42,8.38,9.98,10.88,10.88,10.48,9.78,9.18,8.88,8.18
-1.32,-1.22,-1.92,-1.12,0.28,0.48,3.28,2.38,-1.32,-0.72,0.88,1.88,3.08,4.78,3.38,4.08,3.88,3.08,3.28,2.38,1.08,-1.42,-1.52,-2.12,-2.22,-2.92,0.78,4.88,7.48,8.48,8.08,6.68,5.58,6.08,6.88,5.28,4.18,2.28,2.48,2.58,1.08,1.68,0.78,2.28,2.98,2.18,0.78,-0.62,-1.82,-2.82,-4.52,-5.42,-6.52,-7.32,-7.92,-9.72,-10.52,-11.12,-11.52,-12.12,-13.32,-12.62,-12.02,-12.62,-6.02,-2.52,-3.62,-6.32,-6.32,-4.62,7.78,10.08,9.38,9.68,9.48,9.58,9.98,8.48,8.08,7.98,8.18
1.18,0.68,-1.62,-0.62,0.28,-0.22,0.88,-0.02,1.88,-0.42,0.48,1.98,-1.52,4.48,3.08,1.98,1.18,-0.12,-1.12,-1.22,-0.82,-2.02,-1.82,-2.62,1.18,4.28,5.38,6.08,6.78,6.18,5.78,4.68,5.68,4.08,2.78,3.78,3.98,1.68,2.38,1.38,2.18,2.08,1.08,1.78,0.58,-0.72,-2.42,-3.72,-4.82,-5.72,-6.62,-6.92,-7.32,-9.12,-9.92,-10.92,-11.42,-11.72,-12.12,-12.32,-11.32,-11.42,-12.32,-6.32,-7.52,-6.62,-3.52,7.88,9.88,9.68,8.78,8.58,8.18,8.78,6.88,9.28,8.58,7.88,7.38,7.28,5.98
-3.42,-1.92,-0.22,-1.22,-1.32,0.58,-0.62,-0.82,1.28,0.28,1.98,0.28,2.78,3.68,0.78,-1.52,-2.62,-3.32,-2.42,-1.72,-1.12,2.38,4.88,5.58,4.18,4.48,4.08,4.38,4.98,3.88,4.28,3.18,2.88,3.48,1.78,2.98,3.48,1.98,1.48,2.08,1.88,1.78,0.88,-0.32,-1.32,-2.02,-3.32,-4.72,-5.82,-7.02,-7.52,-8.52,-9.22,-9.92,-10.92,-11.62,-12.52,-12.22,-10.92,-11.62,-12.82,-10.82,-8.72,-9.12,-3.42,7.18,10.78,10.18,9.48,9.28,9.08,9.38,8.28,7.88,7.68,7.88,7.08,6.88,7.58,6.28,5.58
2.08,1.98,2.28,2.48,1.48,1.68,-1.62,3.58,3.28,3.28,1.78,0.78,0.18,-2.32,-2.22,-4.02,-2.02,0.58,6.58,7.58,6.98,6.18,5.28,4.28,2.88,3.58,3.78,3.88,3.58,3.68,4.18,3.28,3.58,2.88,2.08,2.58,3.08,-0.32,2.08,0.98,1.48,0.98,-0.72,-2.02,-2.62,-3.62,-4.72,-5.72,-6.52,-7.02,-8.12,-8.92,-9.92,-11.22,-11.52,-11.62,-11.32,-11.72,-13.02,-9.72,-10.92,-7.62,-4.22,10.28,10.38,10.88,9.88,9.58,9.08,8.78,8.48,8.48,7.88,7.08,7.18,7.68,6.88,5.28,5.08,4.58,3.98
3.38,1.88,-2.82,1.08,1.68,2.38,2.58,2.18,2.18,-3.22,-0.72,1.08,-1.92,-1.92,-1.62,6.18,7.98,7.08,6.38,5.78,6.28,4.68,4.28,4.18,1.98,3.18,1.78,3.48,3.48,4.58,4.98,5.38,2.88,1.88,2.18,1.68,0.88,0.18,0.68,0.98,0.08,-1.22,-2.62,-3.42,-4.32,-5.12,-5.82,-6.22,-6.82,-7.72,-8.72,-9.82,-10.72,-11.42,-11.62,-11.62,-12.22,-12.12,-13.52,-8.32,13.48,10.98,11.88,10.88,10.78,10.18,9.68,8.98,8.38,7.08,8.08,5.88,6.48,7.48,7.58,5.28,5.58,6.18,5.18,4.78,3.08
1.38,2.18,3.28,3.98,3.28,2.28,3.88,2.08,-0.02,1.48,-1.52,-0.92,-1.82,-2.62,7.68,8.28,7.58,7.88,7.28,4.98,4.68,3.58,1.98,2.38,1.98,1.88,3.58,3.68,3.38,3.58,5.38,3.88,3.58,0.48,2.68,0.78,-0.82,1.28,0.08,-1.32,-2.12,-5.82,-6.22,-5.12,-5.32,-5.22,-5.52,-6.42,-7.22,-8.02,-9.02,-9.62,-11.42,-12.02,-11.32,-10.42,-11.32,-13.32,-0.32,14.18,14.08,13.18,11.58,11.08,10.58,9.98,9.18,8.48,8.08,8.18,7.68,7.18,6.98,7.88,6.98,6.28,5.98,5.48,4.38,2.98,2.18
2.68,-0.22,-0.92,2.78,2.48,-1.62,3.08,2.98,0.48,-0.72,-1.02,2.68,0.78,9.18,8.68,8.18,5.98,7.08,6.88,5.28,4.48,2.58,1.18,2.38,2.58,2.88,3.48,3.28,2.98,2.68,4.48,2.08,2.98,1.38,-1.92,-1.72,-0.42,-0.82,-1.92,-3.32,-3.62,-9.12,-5.32,-4.82,-5.02,-6.02,-6.72,-7.52,-7.22,-9.32,-10.52,-11.12,-11.12,-10.02,-10.62,-13.42,-8.72,9.88,10.78,13.28,13.28,12.08,11.18,10.88,10.48,9.58,8.48,8.18,7.98,7.98,8.18,7.98,7.58,6.08,5.68,5.48,4.78,3.48,2.68,1.38,1.18
-1.52,-0.12,1.88,2.38,0.38,-0.92,-1.42,-0.62,-0.02,-0.32,2.58,2.88,0.98,7.08,7.68,7.68,8.68,6.98,5.68,4.48,2.88,3.58,0.58,0.88,2.08,2.38,2.58,2.68,2.78,2.38,2.08,-0.02,1.68,-0.62,-1.12,-1.02,-1.12,-2.92,-4.02,-4.42,-9.82,-5.82,-5.92,-4.82,-6.32,-6.02,-6.72,-7.82,-9.62,-10.02,-10.12,-9.42,-8.42,-10.82,-11.42,-2.02,8.08,11.68,11.58,11.68,11.48,11.38,10.88,9.78,9.38,8.18,7.68,6.98,6.88,7.28,7.78,6.88,6.38,5.48,4.48,4.48,3.48,2.48,1.88,-0.12,-0.62
0.98,1.28,1.18,-1.12,0.48,0.18,0.08,-1.72,-1.42,-0.72,2.48,1.18,1.78,8.28,7.38,7.18,8.38,6.88,4.48,4.18,2.68,2.78,3.28,2.28,1.68,2.08,2.38,2.28,2.38,1.28,0.78,0.58,0.08,-0.92,-0.72,-1.92,-2.12,-2.52,-8.32,-7.82,-5.02,-5.42,-6.12,-6.12,-5.82,-6.72,-8.32,-8.92,-9.62,-8.72,-7.62,-9.32,-11.32,-6.42,-0.92,5.68,9.68,9.58,11.68,10.88,10.58,10.08,9.28,8.68,7.98,7.78,6.88,6.68,5.78,6.38,7.08,5.48,4.08,4.28,4.18,3.78,3.08,2.08,-0.02,-0.02,-1.82
-2.02,-0.12,2.58,1.78,2.08,2.78,2.08,0.58,2.98,0.58,4.08,2.58,2.08,4.18,8.88,7.28,4.58,4.28,4.28,3.88,3.48,3.18,2.68,1.98,1.48,2.08,1.08,1.28,1.08,1.18,0.78,-0.32,-0.12,-1.92,-3.12,-3.32,-4.72,-9.12,-3.72,-3.72,-4.02,-5.62,-6.02,-7.12,-7.72,-8.42,-8.82,-9.22,-9.02,-8.32,-9.72,-10.82,-5.22,-2.02,5.78,8.48,9.28,10.28,11.18,10.18,9.58,8.78,8.08,7.78,7.68,6.58,6.68,5.78,5.68,5.58,5.18,5.28,4.18,5.38,4.68,3.58,3.08,2.98,1.18,0.78,-1.02
-5.42,0.38,-0.52,3.98,2.08,0.18,0.08,1.48,1.78,4.78,2.98,0.78,-0.42,3.98,9.98,7.18,6.18,4.18,3.68,5.08,4.48,2.88,1.98,0.98,1.08,1.68,0.18,0.38,0.28,-0.02,-0.92,-0.52,-1.72,-2.52,-2.92,-2.72,-7.22,-3.42,-4.52,-5.52,-7.22,-7.02,-7.22,-7.82,-9.02,-8.12,-9.02,-7.32,-8.92,-8.82,-7.82,-4.02,0.38,5.88,7.28,9.48,8.88,10.08,9.48,9.38,9.08,7.88,6.88,5.98,6.38,5.38,5.08,4.68,5.38,5.78,5.18,4.88,4.88,4.88,4.08,3.18,2.58,1.68,1.18,-0.32,-0.42
-5.72,-3.82,1.58,3.98,3.48,1.68,-1.42,0.18,0.68,2.48,1.38,1.98,3.38,0.58,-1.22,4.88,5.88,3.58,2.88,3.88,2.58,1.68,0.58,2.08,0.18,0.58,0.18,1.28,1.98,1.08,-0.92,-2.62,-2.22,-5.52,-4.22,-3.12,-4.82,-5.72,-6.02,-6.32,-5.92,-6.42,-7.12,-7.62,-8.22,-7.22,-6.82,-8.22,-8.62,-5.62,-1.92,3.98,7.08,7.28,7.08,7.88,8.58,8.58,8.48,8.68,7.78,6.88,6.98,5.68,5.28,3.58,4.78,4.28,4.58,5.48,4.98,4.28,4.58,4.08,3.18,3.28,3.08,1.28,1.38,-0.12,-1.92
-6.22,-4.62,-1.92,1.68,2.08,2.68,1.08,0.58,1.68,-1.92,-0.82,7.18,2.28,-1.72,2.78,3.68,4.38,3.28,2.98,2.08,-0.22,-0.02,3.88,2.18,1.68,0.88,0.28,-0.92,-0.52,0.08,-0.22,-2.62,-5.12,-6.72,-7.22,-3.02,-2.22,-5.42,-5.42,-4.52,-4.32,-4.12,-6.32,-6.22,-5.72,-6.72,-8.02,-6.92,-4.02,-1.22,3.48,7.08,7.68,7.38,6.38,8.08,7.58,7.28,7.58,7.48,6.98,6.08,5.88,5.08,3.48,3.58,4.48,5.08,4.48,4.08,5.18,4.68,3.48,3.28,2.78,2.18,1.28,1.98,1.58,-0.92,-0.22
-5.52,-6.22,1.08,-5.42,0.78,4.98,1.68,1.78,-1.12,-1.42,-0.32,-1.12,-1.32,1.08,-0.42,-0.02,2.68,3.68,2.38,1.18,0.98,2.78,3.28,2.18,0.48,-0.02,-0.22,-0.92,-1.02,-0.72,-1.02,-1.92,-3.72,-4.72,-5.62,-3.52,-2.82,-3.82,-4.02,-3.22,-3.82,-3.92,-4.82,-5.22,-6.42,-7.02,-6.92,-2.92,-2.02,4.08,5.58,7.78,6.88,7.08,7.28,6.98,6.78,7.38,7.68,7.18,6.58,5.68,4.98,4.08,3.18,2.78,2.88,3.68,3.48,3.88,4.58,3.68,3.88,2.38,2.38,1.28,0.58,0.38,-0.32,-0.02,-0.62
-5.12,-5.52,-5.72,-5.02,-2.42,0.58,4.98,3.08,-0.12,-1.52,0.38,1.68,2.98,0.58,1.88,-0.52,0.08,2.58,1.88,1.38,1.48,1.58,1.98,2.08,0.98,-0.22,-1.12,-1.22,-2.12,-2.62,-1.62,-0.72,-1.62,-3.62,-4.82,-3.92,-3.92,-4.42,-4.42,-4.12,-3.72,-4.22,-4.72,-5.62,-5.72,-6.02,-1.42,-1.92,4.08,5.28,6.48,6.88,6.38,5.28,5.98,6.08,6.58,6.38,6.88,6.28,5.88,5.18,4.98,3.98,3.18,2.28,2.28,3.98,2.38,3.08,1.98,3.48,2.28,1.68,1.28,0.78,0.98,-0.02,0.38,-0.32,-0.82
-5.62,-5.32,-5.92,-6.02,-3.92,0.78,3.38,3.88,1.58,-1.62,-0.32,-0.42,1.88,1.58,1.58,-2.52,-1.12,1.68,2.88,0.98,1.98,1.78,0.38,1.58,0.88,-0.12,-1.02,-2.02,-2.82,-2.92,-3.12,-2.52,-2.02,-3.22,-5.12,-5.42,-3.82,-7.02,-2.62,-2.12,-2.72,-2.52,-3.22,-4.12,-2.62,-2.52,-0.32,3.48,5.08,6.18,6.88,5.98,5.58,4.68,5.08,5.58,5.98,5.48,5.98,5.28,4.58,3.68,3.68,2.78,2.88,2.28,0.98,1.58,1.18,2.28,1.98,1.68,1.68,0.78,0.78,0.38,0.68,0.28,-1.02,-0.62,-1.72
-5.32,-5.72,-6.32,-6.52,-5.22,-1.22,0.38,4.88,3.28,0.58,-1.62,0.18,-1.42,-0.72,-1.52,-1.22,2.88,1.38,1.28,2.18,3.18,1.58,1.88,0.48,-0.22,-0.52,-1.42,-2.22,-2.92,-3.22,-4.02,-4.12,-3.62,-3.72,-5.12,-4.72,-5.22,-0.52,-0.02,0.88,2.28,0.98,-0.82,-1.92,-1.92,-0.22,1.98,4.38,5.78,6.68,6.18,5.88,5.08,4.68,4.88,4.28,5.28,4.88,4.48,3.78,3.48,2.58,2.88,1.68,2.48,1.78,1.08,-0.62,-0.22,0.48,0.38,0.48,2.08,1.28,1.18,0.78,0.08,-0.82,0.48,-2.12,-3.02
-5.22,-5.42,-5.62,-6.02,-6.62,-5.92,-2.92,2.58,2.08,2.28,0.58,-0.62,3.58,2.38,-1.72,1.08,3.68,-0.72,1.38,1.98,2.18,0.48,-1.02,-0.22,-1.42,-1.32,-1.82,-2.72,-3.32,-3.82,-4.42,-4.72,-4.42,-4.12,-4.32,-3.72,-3.72,-2.02,-1.22,0.98,3.68,1.88,-0.02,-0.62,-1.12,0.28,2.88,5.08,5.48,5.68,5.38,5.18,4.88,4.38,4.68,4.58,4.68,3.98,3.68,3.18,2.38,2.18,1.08,1.98,2.58,1.38,1.38,1.08,-0.62,-1.22,-1.12,-0.12,0.38,1.98,0.18,-0.52,-0.72,-1.22,-1.62,-1.52,-2.02
-4.92,-5.62,-4.82,-4.92,-5.52,-4.72,-5.02,-4.52,1.38,1.38,2.68,0.38,-0.62,1.68,1.88,1.58,3.68,3.08,1.88,-1.22,1.38,0.58,0.28,-1.92,-2.52,-3.02,-2.42,-3.32,-2.72,-3.12,-3.82,-3.62,-3.52,-1.92,0.48,0.18,0.68,2.88,4.28,3.28,2.68,1.58,-0.12,0.88,-0.02,0.58,3.28,3.88,4.98,5.08,4.38,4.28,3.98,4.08,3.98,4.18,4.08,3.98,2.58,2.48,1.28,0.98,0.28,1.08,2.08,2.18,0.88,0.28,-0.02,-0.62,-1.52,-0.82,-1.12,-1.02,-0.22,-0.02,-1.62,-2.12,-2.62,-0.92,-1.82
-5.52,-5.32,-5.52,-5.32,-5.32,-5.32,-5.92,-4.62,-1.32,0.88,1.38,1.38,-0.02,-0.52,-0.32,-0.42,-0.12,1.78,0.08,0.08,0.98,0.58,-0.52,-1.82,-2.82,-2.72,-3.42,-4.32,-4.32,-3.42,-2.62,-1.82,-0.02,-1.42,-0.02,-1.02,-0.52,0.38,1.08,1.38,1.48,0.28,0.18,-0.42,0.18,1.18,2.98,3.88,3.98,4.18,4.18,3.78,3.28,3.08,3.38,3.48,3.48,2.88,2.78,1.88,1.48,0.58,1.48,1.78,0.98,1.18,1.68,1.78,-0.02,0.58,0.48,-1.22,-2.62,-2.82,-3.42,-2.12,-0.72,-0.72,-2.82,-3.02,-4.32
-4.82,-5.02,-5.02,-4.82,-5.02,-4.62,-4.52,-4.42,-2.42,-1.82,-0.02,0.28,-0.22,0.68,0.88,0.38,-2.92,-0.92,-0.82,0.28,1.68,-0.12,-1.22,-1.82,-3.12,-4.52,-5.02,-1.12,-0.22,-0.52,-0.52,-1.62,1.28,1.78,1.08,0.68,0.38,-0.22,-0.52,-0.72,-0.12,1.18,2.08,-0.52,-1.12,-0.62,3.88,4.98,4.38,3.68,3.18,3.48,3.08,2.38,3.48,3.18,2.78,2.48,2.58,1.58,0.18,0.18,1.28,2.58,1.18,0.48,-0.62,-0.82,-0.22,1.08,-0.22,-0.12,-0.52,-1.52,-2.72,-3.92,-3.12,-3.12,-1.92,-1.82,-3.22
-4.52,-5.02,-5.12,-4.62,-5.12,-5.02,-4.62,-4.02,-2.22,-1.72,-2.02,-2.62,-0.62,0.68,0.08,1.08,1.48,0.78,-0.42,1.68,0.08,1.88,-1.22,-2.32,-3.72,-4.62,-5.62,-0.92,-1.32,-1.12,-2.92,3.18,2.88,1.68,0.68,-0.02,0.08,-0.52,-0.42,1.68,-0.22,-1.22,-1.62,-1.42,0.18,0.18,3.28,7.78,3.68,1.68,2.08,3.08,2.38,2.48,2.48,2.68,2.58,2.18,1.68,1.38,-0.02,-0.52,0.48,1.28,-0.02,-0.92,-0.92,-1.92,-1.62,-0.32,-0.02,0.28,0.88,-0.22,-0.92,-2.12,-3.42,-3.02,-2.92,-3.32,-3.82
-4.52,-4.42,-4.62,-5.22,-5.62,-4.72,-4.82,-3.42,-2.42,-2.32,-1.82,-2.72,-2.92,-1.02,1.58,0.88,0.28,-1.42,0.28,-0.22,-0.02,-0.12,-0.52,-3.82,-4.32,-5.42,-1.42,-0.72,-0.82,0.18,4.28,3.18,2.58,1.08,-0.02,-0.42,-0.82,-1.82,-1.62,0.68,1.78,2.58,-0.82,0.48,1.28,0.18,-0.22,1.98,1.28,-1.32,2.28,1.98,1.48,1.58,1.88,1.58,1.28,1.98,1.18,0.68,0.48,-0.72,0.08,0.08,-1.02,-1.32,-0.92,-0.62,-0.92,-1.22,-1.22,-0.22,0.58,0.58,-0.12,-0.72,-2.22,-3.72,-4.92,-4.82,-5.02
