gfs.json
{"header": {"discipline": 0, "disciplineName": "Meteorological products", "gribEdition": 2, "center": "kwbc", "centerName": "US National Weather Service - NCEP(WMC)", "subcenter": 0, "refTime": "2026-04-12T00:00:00.000Z", "significanceOfRT": 1, "significanceOfRTName": "Start of forecast", "productStatus": 0, "productStatusName": "Operational products", "productType": 1, "productTypeName": "Forecast products", "productDefinitionTemplate": 0, "productDefinitionTemplateName": "Analysis/forecast at horizontal level/layer at a point in time", "parameterCategory": 2, "parameterCategoryName": "Momentum", "parameterNumber": 2, "parameterNumberName": "U-component_of_wind", "parameterUnit": "m.s-1", "genProcessType": 2, "genProcessTypeName": "Forecast", "forecastTime": 0, "surface1Type": "sfc", "surface1TypeName": "Unknown", "surface1Value": 10, "surface2Type": 255, "surface2TypeName": "Missing", "surface2Value": 0, "gridDefinitionTemplate": 0, "gridDefinitionTemplateName": "Latitude_Longitude", "numberPoints": 65160, "shape": 6, "shapeName": "Earth spherical with radius of 6,371,229.0 m", "gridUnits": "degrees", "resolution": 48, "winds": "true", "scanMode": 0, "nx": 360, "ny": 181, "basicAngle": 0, "subDivisions": 0, "lo1": 0.0, "la1": 90.0, "lo2": 359.0, "la2": -90.0, "dx": 1.0, "dy": 1.0}, "data":
[rows 70 to 104 of 181, columns 158 to 236 of 360]
-8.92,-9.52,-10.02,-9.62,-9.42,-9.92,-10.32,-10.52,-10.42,-9.72,-10.12,-10.02,-9.42,-9.82,-9.92,-9.52,-9.32,-9.02,-7.72,-7.32,-6.92,-6.32,-5.82,-5.32,-4.32,-5.02,-3.72,-3.42,-3.92,-3.32,-3.52,-2.92,-3.32,-2.42,-1.92,-2.72,-1.42,0.28,-0.62,0.68,-0.12,-0.02,0.58,-0.52,0.08,0.68,2.88,-4.12,-3.92,-3.42,-6.02,-4.72,-4.32,-5.82,-5.82,-5.62,-5.22,-5.12,-5.82,-6.72,-5.62,-6.02,-6.22,-6.32,-6.52,-6.92,-6.22,-6.32,-6.12,-5.52,-5.02,-4.12,-4.32,-4.12,-4.32,-2.92,-2.42,-3.22,-3.42
-10.52,-11.02,-10.12,-10.32,-10.32,-10.02,-9.52,-9.92,-10.42,-10.42,-10.62,-10.62,-10.82,-10.52,-10.22,-9.82,-9.42,-8.82,-8.22,-7.42,-7.82,-5.92,-6.22,-5.22,-5.12,-2.82,-3.42,-5.12,-4.72,-4.52,-4.12,-4.42,-5.92,-5.32,-3.72,-3.12,-1.82,-1.42,-2.02,-0.42,-2.22,-1.42,-1.42,-1.32,-1.82,-3.42,-5.72,-1.62,-2.52,-4.12,-6.92,-5.42,-5.62,-5.92,-6.22,-6.02,-5.22,-5.92,-5.42,-6.62,-5.42,-5.72,-5.62,-6.22,-7.22,-6.62,-6.82,-6.82,-6.72,-6.32,-5.92,-5.92,-5.52,-4.42,-4.72,-4.62,-3.62,-4.02,-4.42
-10.72,-10.82,-11.32,-10.92,-10.32,-10.82,-10.22,-9.92,-10.32,-10.12,-10.92,-10.92,-11.22,-11.12,-10.12,-10.52,-9.82,-9.32,-8.52,-7.62,-7.02,-7.12,-6.52,-5.62,-5.52,-3.72,-4.82,-4.42,-5.82,-4.22,-5.72,-3.62,-5.72,-5.42,-4.32,-3.12,-2.22,-2.42,-2.42,-1.72,-2.52,-2.12,-2.82,-4.02,-3.82,-4.12,-4.42,-3.02,-4.32,-6.12,-6.92,-6.22,-6.02,-5.82,-6.62,-6.02,-6.52,-5.92,-6.32,-6.02,-5.62,-5.62,-5.22,-6.62,-6.52,-5.62,-6.22,-7.12,-7.12,-6.82,-6.72,-6.42,-5.62,-5.22,-6.32,-5.62,-4.92,-5.02,-4.82
-10.82,-10.52,-10.42,-11.32,-11.32,-10.72,-9.92,-9.62,-9.62,-9.12,-8.52,-8.62,-9.62,-8.92,-9.32,-9.62,-9.62,-9.32,-9.02,-9.12,-8.82,-7.82,-7.22,-7.42,-6.02,-5.52,-5.92,-5.92,-5.52,-5.02,-4.52,-4.22,-6.32,-6.12,-4.12,-2.22,-2.92,-2.32,-3.02,-2.32,-3.92,-3.82,-5.12,-4.42,-4.42,-5.22,-4.42,-4.42,-5.22,-6.52,-6.82,-6.42,-5.72,-6.42,-6.82,-7.02,-6.42,-5.72,-5.62,-5.62,-7.22,-4.82,-6.02,-5.92,-5.92,-5.32,-6.92,-6.32,-5.92,-6.22,-5.22,-5.52,-4.92,-6.02,-6.72,-5.32,-5.62,-5.32,-5.82
-10.32,-10.82,-10.12,-10.32,-10.62,-10.62,-10.72,-10.12,-8.62,-8.22,-8.52,-8.62,-9.32,-8.22,-7.92,-7.22,-7.12,-6.92,-6.82,-6.02,-5.72,-5.32,-5.02,-4.72,-5.62,-4.22,-4.32,-3.92,-3.72,-2.02,1.38,-1.92,-5.62,-5.72,-3.62,-3.12,-3.92,-4.92,-3.92,-4.62,-4.62,-4.02,-4.42,-4.72,-5.02,-5.82,-5.62,-5.42,-5.92,-6.42,-6.72,-6.62,-5.52,-6.12,-7.52,-6.32,-5.52,-5.82,-7.42,-6.42,-6.32,-6.12,-5.72,-5.62,-5.32,-5.82,-5.82,-5.92,-5.82,-5.62,-5.22,-4.32,-5.62,-7.22,-6.32,-6.22,-6.12,-5.72,-6.22
-10.52,-10.32,-10.72,-10.12,-9.02,-9.22,-9.22,-8.42,-8.92,-8.62,-8.82,-8.62,-7.22,-7.42,-7.02,-5.92,-5.62,-6.22,-6.42,-5.52,-5.32,-4.32,-3.92,-3.32,-3.32,-3.82,-3.32,-2.32,4.58,3.48,3.88,-0.02,-4.32,-6.52,-5.52,-4.42,-3.52,-4.62,-3.82,-4.42,-5.02,-4.72,-5.22,-4.82,-5.22,-6.22,-6.02,-5.62,-6.22,-6.02,-6.32,-6.02,-5.42,-6.82,-7.22,-6.52,-6.52,-7.12,-7.12,-6.42,-6.62,-5.62,-5.32,-5.12,-5.32,-5.12,-6.02,-5.52,-5.12,-4.82,-4.62,-4.12,-6.22,-7.12,-6.52,-7.02,-6.82,-6.22,-6.82
-10.32,-11.12,-10.72,-9.92,-9.72,-9.12,-9.12,-9.22,-9.22,-8.72,-7.22,-6.52,-6.22,-6.42,-6.52,-5.32,-6.32,-5.32,-5.62,-5.12,-4.02,-4.22,-3.92,-3.42,-2.72,-2.72,0.78,5.38,4.08,5.48,2.28,-0.62,-5.22,-7.22,-5.32,-3.92,-4.22,-3.82,-4.72,-5.02,-5.12,-5.52,-5.52,-5.12,-5.52,-5.12,-7.22,-6.92,-7.12,-6.62,-6.62,-6.52,-6.72,-7.12,-6.32,-6.22,-7.82,-7.02,-6.72,-6.92,-6.12,-5.32,-4.62,-5.02,-4.82,-5.52,-5.42,-5.22,-5.62,-3.92,-4.22,-4.72,-5.42,-7.22,-7.62,-7.42,-7.22,-6.82,-6.52
-9.02,-7.02,-8.12,-8.62,-9.02,-8.62,-8.82,-8.92,-9.62,-8.62,-7.52,-6.62,-7.02,-5.82,-6.62,-6.52,-5.72,-5.72,-6.02,-4.92,-4.42,-4.42,-3.42,-2.12,-2.32,-0.22,1.08,3.98,2.48,4.08,0.38,-1.72,-4.12,-6.02,-5.42,-4.82,-2.82,-3.42,-4.82,-5.62,-5.62,-5.72,-5.72,-6.52,-5.32,-5.92,-8.02,-7.32,-7.82,-7.32,-6.92,-7.42,-7.22,-7.52,-6.22,-6.72,-7.52,-6.92,-6.72,-6.22,-5.32,-5.52,-4.92,-5.02,-6.02,-6.12,-5.72,-5.02,-5.02,-4.92,-4.92,-5.22,-5.52,-6.72,-8.12,-8.12,-6.92,-6.82,-6.22
-10.82,-7.52,-6.72,-8.22,-8.92,-9.02,-8.72,-8.82,-8.72,-8.62,-8.22,-7.22,-7.02,-6.72,-7.32,-7.02,-6.42,-5.72,-5.42,-4.92,-4.82,-4.42,-3.62,-1.32,-0.82,6.68,3.68,0.98,1.98,0.98,-0.42,-1.62,-4.02,-4.22,-5.62,-3.32,-3.62,-4.12,-5.02,-5.42,-6.22,-5.92,-6.02,-6.72,-6.02,-6.92,-7.52,-7.32,-7.42,-7.12,-6.42,-6.82,-8.12,-6.82,-7.32,-6.52,-6.82,-7.92,-7.12,-6.52,-5.82,-5.92,-5.42,-6.32,-6.82,-5.92,-5.72,-5.82,-5.72,-5.52,-5.22,-5.32,-7.02,-6.92,-8.32,-7.92,-7.42,-7.02,-6.32
-10.62,-8.82,-9.52,-7.52,-7.82,-8.22,-8.12,-7.82,-8.32,-8.02,-6.82,-7.82,-6.72,-5.92,-7.02,-7.52,-7.02,-6.42,-6.32,-6.12,-5.52,-4.62,-1.12,-0.42,2.18,1.38,1.48,0.58,-1.12,-0.42,0.38,-2.42,-3.92,-3.12,-4.12,-4.12,-4.42,-4.22,-4.22,-5.92,-6.02,-6.22,-6.22,-6.42,-7.32,-6.72,-6.92,-7.02,-6.92,-7.02,-6.82,-6.72,-7.52,-7.02,-6.02,-6.12,-6.82,-8.12,-7.12,-6.52,-6.52,-6.02,-6.72,-6.12,-6.82,-5.92,-5.72,-5.82,-5.32,-6.22,-6.42,-6.42,-6.72,-7.02,-7.72,-7.62,-7.92,-7.12,-6.72
-10.12,-6.42,-7.92,-7.92,-7.42,-7.02,-7.62,-8.32,-7.42,-7.02,-6.52,-7.12,-5.62,-5.62,-5.72,-6.52,-5.92,-7.02,-6.62,-6.52,-5.72,-4.22,-3.32,-3.12,1.78,2.28,1.18,0.18,-2.92,-1.12,-1.22,-1.32,-2.82,-3.62,-3.82,-3.92,-4.22,-5.02,-3.82,-5.62,-6.02,-6.02,-6.22,-6.82,-6.72,-7.02,-6.82,-7.12,-7.42,-6.32,-7.12,-7.12,-7.22,-5.82,-6.02,-6.62,-7.02,-7.22,-6.22,-5.92,-6.42,-6.42,-6.92,-6.52,-6.02,-6.12,-6.12,-6.12,-6.42,-6.52,-6.72,-7.02,-6.62,-7.12,-7.52,-7.22,-7.52,-7.62,-6.82
-9.32,-7.12,-8.22,-8.32,-7.32,-7.32,-7.72,-7.62,-7.22,-7.12,-6.92,-4.62,-5.22,-4.52,-5.32,-5.32,-6.12,-5.92,-6.22,-3.12,0.88,1.48,-1.92,-1.62,3.68,4.78,-0.62,-1.12,-3.12,-2.42,-2.32,-2.52,-3.12,-3.52,-3.52,-3.72,-4.12,-5.02,-4.42,-4.82,-5.72,-5.32,-6.72,-7.22,-6.62,-6.12,-5.82,-7.72,-7.42,-6.22,-6.62,-7.32,-7.02,-6.42,-6.82,-6.52,-7.52,-5.92,-6.22,-6.02,-6.42,-6.42,-7.12,-6.02,-6.12,-6.22,-5.82,-6.22,-6.62,-6.82,-6.32,-7.02,-6.82,-7.22,-6.62,-6.92,-7.12,-7.12,-7.02
-5.32,-7.02,-7.12,-6.92,-6.42,-6.32,-6.62,-5.92,-6.22,-6.02,-5.22,-4.32,-4.32,-4.42,-4.72,-4.42,-4.02,-3.32,-2.92,-0.92,0.88,-1.72,-3.32,-1.42,-2.32,-2.62,-2.12,-1.72,-4.32,-3.12,-2.22,-1.92,-2.52,-2.32,-3.12,-3.12,-3.22,-3.92,-4.32,-4.42,-4.32,-5.82,-7.02,-6.42,-6.52,-6.82,-6.82,-7.42,-7.42,-6.82,-7.62,-7.82,-7.12,-7.02,-7.42,-7.22,-7.22,-6.82,-7.02,-6.02,-6.42,-6.52,-6.22,-6.42,-5.82,-5.02,-4.62,-4.82,-5.62,-6.12,-5.92,-6.92,-6.42,-6.22,-5.92,-6.12,-6.82,-6.62,-6.42
-5.12,-5.72,-5.92,-6.12,-5.42,-5.22,-6.02,-5.62,-5.72,-5.82,-4.82,-4.82,-4.02,-3.52,-3.92,-1.82,-1.82,-1.52,-0.32,-0.22,-0.62,-1.62,-3.22,-4.42,-3.22,-3.32,-3.22,-2.82,-4.82,-3.22,-2.02,-2.02,-2.22,-2.22,-2.12,-1.92,-3.32,-3.22,-4.32,-3.62,-3.92,-6.02,-6.92,-6.22,-5.92,-6.82,-7.72,-7.32,-7.72,-7.82,-8.22,-8.02,-7.52,-7.22,-6.92,-7.32,-6.82,-7.12,-6.42,-7.12,-6.82,-6.02,-5.52,-5.52,-4.02,-1.62,-2.42,-4.12,-4.52,-4.02,-4.62,-6.12,-6.02,-5.32,-5.22,-5.22,-5.62,-6.22,-6.42
-2.92,-4.42,-5.22,-5.42,-5.42,-5.02,-5.52,-5.42,-5.22,-5.12,-5.32,-4.92,-4.52,-4.52,-3.72,-2.82,-2.72,-1.82,-1.92,-1.72,-1.62,-3.02,-4.22,-5.12,-3.82,-3.92,-3.92,-3.02,-4.32,-2.92,-1.42,-2.32,-2.32,-2.22,-2.82,-2.62,-3.22,-3.52,-3.72,-3.42,-3.72,-5.32,-6.92,-6.52,-5.52,-7.02,-7.12,-6.72,-7.52,-6.82,-5.82,-4.82,-3.82,-4.32,-4.62,-4.92,-4.72,-4.12,-5.02,-5.52,-4.52,-4.92,-3.72,-3.32,-3.02,-3.32,-2.72,-3.92,-4.22,-4.42,-4.72,-5.32,-5.32,-5.42,-4.92,-4.62,-5.12,-5.62,-6.02
-0.22,-2.62,-4.12,-5.12,-5.82,-5.92,-5.82,-6.12,-5.72,-5.42,-5.22,-4.92,-5.52,-5.22,-4.42,-4.22,-4.02,-3.32,-2.62,-1.92,-2.92,-3.72,-5.02,-4.62,-4.72,-4.42,-4.52,-4.12,-4.12,-2.62,-1.62,-2.02,-3.22,-3.32,-3.02,-3.02,-3.12,-2.82,-3.22,-3.02,-2.92,-3.92,-4.32,-5.52,-5.82,-5.72,-5.72,-5.52,-4.92,-4.32,-4.92,-5.02,-5.82,-5.22,-5.42,-4.82,-5.02,-4.22,-3.92,-4.62,-4.82,-4.82,-4.02,-4.32,-4.22,-5.12,-3.72,-4.12,-4.42,-5.02,-5.72,-5.72,-5.92,-5.72,-5.42,-4.72,-5.02,-5.52,-5.72
1.58,-2.42,-3.42,-4.72,-5.42,-5.02,-6.02,-6.12,-5.62,-5.62,-5.62,-6.02,-5.62,-5.32,-5.32,-4.82,-4.52,-3.92,-4.32,-2.82,-3.62,-5.12,-5.32,-4.42,-5.02,-5.32,-4.52,-4.12,-3.62,-2.42,-1.82,-2.62,-3.92,-4.22,-3.72,-3.02,-3.82,-2.72,-2.62,-2.72,-3.02,-3.62,-2.92,-3.82,-3.92,-4.72,-3.82,-4.22,-4.72,-6.22,-6.02,-5.82,-6.02,-5.62,-5.42,-5.62,-5.32,-4.42,-4.72,-5.12,-4.32,-4.82,-5.02,-5.12,-5.52,-5.62,-5.22,-4.72,-4.92,-4.42,-5.12,-5.72,-5.72,-5.52,-6.02,-5.12,-4.82,-5.42,-5.42
2.98,-1.12,-4.22,-2.92,-4.42,-5.32,-5.62,-6.52,-5.82,-6.12,-6.22,-5.92,-6.22,-6.02,-6.02,-5.42,-5.32,-4.22,-4.92,-3.72,-5.02,-5.22,-5.22,-4.62,-5.72,-5.22,-4.62,-4.52,-3.82,-3.82,-3.32,-3.92,-3.82,-5.22,-4.72,-3.12,-4.02,-2.92,-3.12,-2.52,-3.22,-3.12,-2.82,-3.12,-3.22,-3.62,-4.22,-4.32,-5.82,-5.72,-5.72,-6.22,-6.02,-6.12,-6.92,-6.02,-6.12,-5.52,-4.92,-4.12,-4.82,-5.42,-5.82,-6.12,-5.82,-6.02,-5.52,-6.02,-4.82,-4.62,-4.42,-5.12,-5.22,-5.42,-5.82,-5.62,-5.72,-5.12,-5.32
4.58,1.78,-1.72,-2.22,-2.82,-4.32,-5.42,-5.72,-6.42,-6.02,-6.32,-6.52,-6.02,-6.12,-6.22,-5.92,-5.12,-4.72,-4.02,-4.62,-5.72,-5.02,-5.62,-5.62,-6.32,-6.02,-5.52,-5.52,-4.82,-4.82,-4.72,-5.12,-5.02,-5.32,-4.82,-3.52,-4.12,-2.62,-2.82,-3.22,-3.52,-3.92,-2.92,-2.52,-4.02,-3.92,-5.72,-5.42,-5.42,-5.72,-5.72,-5.72,-6.12,-6.92,-6.02,-5.12,-5.42,-6.32,-5.02,-4.62,-4.62,-6.02,-6.92,-6.62,-6.62,-6.42,-5.12,-5.82,-5.62,-5.82,-5.12,-4.42,-4.92,-5.02,-5.92,-6.12,-6.12,-4.82,-4.82
4.68,4.68,-0.62,-1.52,-2.52,-2.32,-4.72,-5.62,-6.62,-6.12,-6.32,-6.12,-6.02,-5.92,-5.02,-5.62,-5.62,-4.52,-4.82,-4.72,-5.62,-6.12,-6.02,-5.92,-6.22,-5.42,-5.72,-5.32,-4.12,-4.62,-5.22,-5.22,-5.62,-5.52,-4.72,-4.22,-4.52,-3.82,-3.52,-3.12,-4.42,-3.42,-4.02,-3.42,-4.72,-5.62,-5.52,-5.12,-5.82,-5.12,-5.92,-5.92,-6.42,-7.42,-6.22,-5.12,-5.02,-5.32,-4.32,-4.52,-3.72,-5.72,-6.82,-7.22,-6.72,-5.82,-6.02,-5.92,-6.32,-5.92,-5.52,-4.62,-4.82,-4.82,-5.12,-5.62,-5.72,-5.82,-5.62
6.48,5.88,5.18,3.58,-0.52,-3.52,-5.22,-5.12,-5.92,-6.12,-6.22,-5.62,-6.02,-5.92,-6.92,-5.32,-4.32,-4.42,-4.22,-5.32,-5.92,-6.52,-6.32,-5.92,-6.22,-5.92,-5.42,-5.62,-5.32,-2.82,-4.52,-5.12,-4.72,-4.32,-4.72,-4.32,-4.82,-4.72,-4.22,-3.12,-4.62,-3.72,-4.42,-4.32,-5.22,-5.52,-5.02,-5.12,-5.22,-5.42,-5.02,-6.32,-6.92,-7.32,-6.02,-5.52,-3.92,-4.02,-4.42,-5.12,-5.12,-5.62,-6.52,-6.92,-5.72,-5.12,-4.72,-5.02,-6.02,-6.42,-6.02,-5.02,-5.12,-4.62,-4.42,-4.32,-4.62,-4.92,-5.62
7.38,6.88,4.88,3.88,1.28,-2.42,-4.32,-5.12,-4.92,-6.22,-5.62,-6.32,-5.62,-5.82,-6.52,-5.52,-3.92,-4.62,-4.32,-5.42,-7.02,-6.52,-6.02,-6.02,-5.22,-5.62,-5.22,-5.32,-4.72,-3.12,-4.42,-5.72,-3.52,-5.02,-2.92,-5.12,-4.32,-4.72,-4.82,-4.12,-4.52,-4.82,-5.12,-5.22,-5.12,-4.42,-3.92,-4.32,-4.72,-4.92,-6.02,-6.02,-7.02,-6.52,-6.42,-4.72,-3.92,-4.32,-4.32,-5.12,-5.72,-6.12,-6.42,-6.62,-5.72,-5.72,-5.02,-5.92,-6.22,-6.12,-6.22,-5.42,-5.22,-4.52,-4.92,-5.22,-4.32,-4.82,-4.92
8.98,7.18,5.48,3.98,3.08,0.38,-3.52,-4.12,-4.92,-5.72,-5.52,-6.02,-5.92,-5.92,-6.02,-4.62,-4.32,-4.92,-5.62,-5.32,-6.42,-6.22,-6.02,-5.82,-5.22,-5.42,-4.52,-4.22,-4.12,-3.72,-3.52,-4.92,-4.32,-4.22,-3.22,-3.72,-4.42,-4.12,-3.92,-3.92,-4.12,-4.22,-4.12,-4.72,-4.62,-4.32,-4.52,-4.72,-5.62,-4.92,-5.22,-6.22,-6.22,-6.52,-6.12,-5.62,-5.22,-4.72,-5.02,-5.32,-6.02,-5.72,-5.62,-6.52,-6.32,-6.12,-5.12,-6.42,-7.02,-7.22,-6.22,-5.62,-5.92,-5.22,-5.72,-5.22,-5.32,-5.42,-5.82
7.18,5.68,4.28,2.28,1.28,0.88,-1.92,-3.82,-3.92,-5.42,-5.22,-5.52,-6.42,-6.22,-5.62,-4.92,-5.72,-5.62,-6.12,-5.42,-6.12,-5.92,-5.22,-5.52,-4.92,-5.12,-4.42,-4.32,-3.92,-3.52,-3.82,-4.42,-3.92,-3.62,-3.62,-3.92,-4.02,-3.62,-3.42,-2.52,-2.82,-3.32,-4.02,-4.02,-4.02,-4.62,-3.92,-5.72,-5.52,-5.02,-5.92,-6.22,-6.02,-6.72,-6.02,-6.32,-5.62,-5.72,-5.72,-5.52,-5.72,-5.62,-6.72,-6.52,-6.42,-6.72,-5.72,-7.02,-7.22,-7.22,-6.82,-5.82,-5.42,-4.82,-5.72,-5.32,-6.12,-6.42,-6.62
5.88,3.78,1.38,0.78,0.38,-2.42,-2.72,-3.62,-3.42,-5.32,-4.92,-5.72,-6.32,-5.92,-6.42,-5.82,-6.12,-6.12,-6.52,-6.12,-5.52,-5.42,-4.72,-4.82,-5.52,-4.22,-3.52,-3.82,-4.02,-4.42,-3.92,-3.52,-4.12,-3.62,-4.02,-3.92,-4.22,-2.92,-3.12,-2.62,-2.22,-3.12,-3.02,-3.42,-4.32,-4.52,-4.82,-5.42,-5.12,-5.22,-6.32,-5.82,-6.52,-6.22,-5.82,-5.42,-5.62,-5.32,-6.02,-6.32,-5.72,-6.72,-6.42,-7.12,-6.02,-6.62,-7.02,-6.92,-7.62,-7.32,-6.42,-5.82,-5.22,-5.42,-6.42,-6.82,-6.52,-6.32,-7.02
2.28,3.38,-0.42,-0.72,-1.82,-2.32,-2.92,-3.62,-3.72,-5.32,-5.12,-5.62,-5.82,-6.52,-6.32,-5.62,-6.22,-6.02,-6.62,-6.02,-5.52,-5.42,-5.12,-4.72,-4.92,-4.02,-3.22,-2.72,-3.32,-4.12,-3.62,-3.62,-4.02,-3.62,-3.52,-3.52,-3.32,-2.92,-2.72,-3.52,-3.32,-3.22,-2.92,-4.32,-5.62,-5.42,-5.32,-6.02,-6.12,-5.52,-6.82,-6.42,-6.92,-6.42,-6.42,-6.02,-6.02,-5.52,-5.62,-5.42,-6.32,-6.92,-7.22,-6.62,-6.72,-7.62,-7.52,-7.12,-6.72,-7.32,-6.12,-6.22,-6.02,-5.72,-6.82,-7.22,-7.22,-6.92,-7.12
4.18,1.18,0.38,-0.72,-2.02,-2.52,-3.52,-3.62,-4.22,-5.02,-5.42,-4.72,-5.82,-5.82,-5.92,-5.62,-6.12,-6.12,-6.32,-5.02,-5.32,-5.42,-5.22,-5.22,-4.82,-3.92,-3.02,-2.72,-2.82,-4.22,-3.42,-3.82,-2.92,-3.22,-3.22,-2.82,-2.92,-2.82,-3.22,-3.72,-4.32,-4.62,-4.72,-5.92,-5.52,-5.72,-6.22,-6.42,-6.22,-7.02,-6.32,-5.92,-6.12,-6.42,-6.02,-6.42,-6.12,-6.02,-5.82,-6.12,-6.92,-6.32,-6.72,-6.22,-8.02,-7.62,-7.72,-6.92,-7.02,-7.02,-6.22,-6.12,-6.32,-6.72,-6.62,-7.02,-7.02,-7.02,-6.12
0.48,2.48,-0.42,-3.72,-3.32,-3.02,-3.72,-4.32,-4.92,-5.52,-5.02,-5.62,-5.32,-6.02,-5.02,-5.12,-6.32,-6.02,-5.82,-5.72,-5.52,-5.32,-5.52,-5.02,-4.32,-3.92,-2.72,-2.52,-3.22,-3.92,-3.92,-3.92,-3.22,-3.02,-2.72,-3.72,-3.82,-3.72,-4.62,-5.02,-4.82,-6.22,-6.32,-6.72,-6.22,-6.82,-6.02,-6.22,-6.62,-8.02,-6.52,-6.32,-6.42,-5.42,-6.52,-6.02,-6.32,-6.22,-6.52,-6.52,-6.52,-7.02,-6.82,-7.62,-7.92,-7.72,-7.32,-7.12,-6.62,-6.02,-6.52,-6.72,-6.72,-6.72,-6.22,-7.42,-7.62,-7.52,-7.32
4.78,-0.52,-1.42,-3.82,-3.32,-3.62,-4.32,-3.62,-4.62,-5.22,-4.62,-6.02,-4.72,-5.62,-5.92,-6.52,-6.32,-6.42,-6.32,-5.72,-5.82,-5.52,-4.82,-5.12,-3.92,-2.82,-3.62,-2.82,-3.12,-3.62,-4.02,-3.82,-3.72,-2.82,-3.52,-3.82,-3.82,-4.02,-4.82,-5.12,-5.22,-6.02,-5.82,-6.02,-6.42,-5.82,-6.42,-6.42,-6.72,-7.52,-6.52,-5.12,-6.42,-6.22,-6.12,-6.72,-6.52,-6.92,-6.92,-6.82,-6.62,-7.62,-7.32,-7.62,-7.72,-7.32,-6.42,-6.72,-6.52,-7.02,-7.12,-7.72,-6.82,-6.82,-6.72,-6.82,-7.02,-7.12,-7.22
-0.02,-0.92,-3.52,-1.12,-2.12,-3.52,-3.32,-4.22,-3.92,-4.72,-4.42,-4.92,-4.92,-5.82,-6.02,-6.62,-6.62,-5.72,-5.92,-5.92,-4.82,-4.92,-4.52,-4.42,-4.72,-4.12,-3.62,-3.92,-4.42,-3.62,-3.82,-4.32,-3.92,-3.62,-3.42,-4.12,-4.12,-5.52,-4.82,-5.22,-4.92,-5.52,-5.32,-5.22,-5.42,-5.72,-6.92,-7.12,-6.32,-6.42,-6.22,-5.62,-5.72,-6.02,-6.42,-6.52,-6.92,-7.22,-7.42,-7.12,-6.82,-7.12,-7.52,-7.42,-7.12,-6.72,-6.22,-6.22,-7.32,-7.42,-7.82,-7.52,-7.32,-6.52,-6.22,-6.12,-6.82,-7.32,-6.82
-2.12,-1.52,-1.22,-2.12,-2.32,-2.82,-2.72,-3.12,-3.92,-3.92,-4.72,-4.92,-5.02,-5.62,-6.22,-6.82,-6.52,-5.92,-5.62,-5.52,-5.32,-4.32,-4.82,-5.12,-4.32,-5.22,-4.82,-4.72,-4.32,-4.02,-3.32,-3.92,-4.52,-4.32,-4.22,-4.72,-4.42,-4.32,-5.42,-5.02,-4.82,-4.42,-4.42,-4.82,-4.52,-5.02,-5.72,-5.92,-6.62,-6.12,-5.62,-5.12,-5.72,-5.62,-5.82,-6.52,-6.52,-6.72,-7.52,-7.42,-7.32,-7.42,-6.82,-7.22,-6.42,-6.52,-6.82,-6.42,-7.12,-7.22,-7.02,-7.52,-7.42,-7.32,-6.52,-6.22,-6.62,-7.02,-6.82
-3.32,-1.62,-1.62,-4.92,-1.82,-2.82,-3.02,-3.62,-3.92,-4.02,-4.02,-4.42,-5.52,-5.52,-5.82,-6.02,-6.32,-6.02,-5.72,-5.42,-5.52,-5.42,-4.42,-5.02,-4.32,-4.42,-4.42,-4.12,-4.42,-4.12,-4.42,-4.52,-4.42,-4.52,-4.82,-5.22,-5.82,-4.82,-5.12,-5.12,-4.32,-4.12,-3.82,-4.12,-3.92,-4.32,-4.62,-5.12,-5.22,-6.02,-5.62,-5.22,-4.42,-5.82,-5.82,-5.62,-5.92,-6.22,-6.82,-7.82,-7.82,-7.32,-6.72,-6.62,-6.72,-7.02,-6.42,-7.52,-7.92,-7.22,-7.32,-7.82,-7.72,-7.42,-7.52,-7.12,-7.22,-6.52,-6.22
-4.92,-2.02,-2.92,-4.12,-4.72,-3.52,-4.12,-3.62,-3.32,-3.52,-3.62,-4.12,-4.92,-4.72,-5.22,-5.32,-5.22,-6.02,-5.32,-5.32,-5.42,-5.72,-5.32,-4.62,-5.12,-4.52,-4.22,-3.92,-3.92,-4.32,-4.12,-5.02,-4.32,-4.52,-4.72,-5.42,-5.52,-6.22,-5.82,-4.92,-4.02,-3.72,-3.72,-2.82,-3.22,-3.62,-4.12,-3.82,-5.12,-5.52,-5.12,-4.82,-4.32,-3.82,-5.02,-5.02,-5.42,-5.42,-6.92,-7.02,-7.02,-6.82,-6.12,-6.02,-5.82,-5.82,-6.32,-6.72,-7.42,-6.92,-7.62,-7.82,-7.62,-7.32,-7.02,-7.52,-7.22,-6.72,-6.92
-5.12,-8.22,-5.12,-4.92,-4.12,-3.42,-3.82,-3.02,-3.22,-2.82,-2.72,-3.82,-3.82,-4.02,-4.32,-4.82,-4.22,-4.22,-4.82,-4.32,-4.72,-4.72,-5.42,-4.92,-4.92,-4.02,-3.92,-2.32,-3.42,-4.42,-4.32,-4.92,-5.02,-3.72,-5.12,-5.82,-5.32,-5.42,-5.22,-4.92,-3.62,-3.92,-3.92,-3.92,-3.52,-3.92,-2.92,-3.22,-4.22,-4.22,-4.02,-4.22,-4.42,-3.92,-4.42,-4.02,-4.22,-4.02,-5.22,-6.42,-5.82,-5.42,-5.12,-4.92,-4.92,-5.02,-5.52,-5.92,-6.72,-6.42,-8.22,-7.62,-7.52,-7.12,-7.22,-7.32,-6.92,-7.02,-7.02
-6.52,-5.42,-5.32,-4.22,-3.22,-2.72,-3.42,-3.12,-3.92,-3.82,-2.42,-2.82,-3.12,-3.52,-3.82,-4.02,-4.02,-3.22,-3.02,-4.32,-4.02,-3.82,-4.62,-5.22,-4.72,-3.02,-3.52,-1.92,-1.32,-4.62,-4.82,-4.72,-5.12,-5.82,-5.52,-5.42,-6.02,-6.42,-5.82,-5.82,-5.02,-4.02,-4.82,-4.32,-3.62,-4.12,-3.82,-1.82,-2.12,-2.82,-3.02,-3.32,-3.22,-3.42,-3.12,-3.12,-3.62,-3.02,-3.42,-3.72,-5.32,-5.52,-4.72,-3.92,-4.82,-4.42,-5.52,-6.02,-6.42,-6.12,-8.42,-7.02,-6.02,-6.72,-6.82,-7.82,-6.62,-7.02,-7.62
