gfs.json
{"header": {"discipline": 0, "disciplineName": "Meteorological products", "gribEdition": 2, "center": "kwbc", "centerName": "US National Weather Service - NCEP(WMC)", "subcenter": 0, "refTime": "2026-04-12T12:00:00.000Z", "significanceOfRT": 1, "significanceOfRTName": "Start of forecast", "productStatus": 0, "productStatusName": "Operational products", "productType": 1, "productTypeName": "Forecast products", "productDefinitionTemplate": 0, "productDefinitionTemplateName": "Analysis/forecast at horizontal level/layer at a point in time", "parameterCategory": 2, "parameterCategoryName": "Momentum", "parameterNumber": 3, "parameterNumberName": "V-component_of_wind", "parameterUnit": "m.s-1", "genProcessType": 2, "genProcessTypeName": "Forecast", "forecastTime": 0, "surface1Type": "sfc", "surface1TypeName": "Unknown", "surface1Value": 10, "surface2Type": 255, "surface2TypeName": "Missing", "surface2Value": 0, "gridDefinitionTemplate": 0, "gridDefinitionTemplateName": "Latitude_Longitude", "numberPoints": 65160, "shape": 6, "shapeName": "Earth spherical with radius of 6,371,229.0 m", "gridUnits": "degrees", "resolution": 48, "winds": "true", "scanMode": 0, "nx": 360, "ny": 181, "basicAngle": 0, "subDivisions": 0, "lo1": 0.0, "la1": 90.0, "lo2": 359.0, "la2": -90.0, "dx": 1.0, "dy": 1.0}, "data":
[rows 108 to 143 of 181, columns 162 to 242 of 360]
-1.35,-3.35,-1.65,-0.55,-0.35,-0.95,-2.35,-2.45,-1.95,-0.95,-0.85,0.25,1.05,1.25,0.85,1.75,-1.05,-0.05,2.25,3.25,2.65,3.15,3.45,2.45,-0.45,0.35,1.45,5.05,4.35,4.45,4.05,3.35,3.25,3.75,3.65,1.95,1.85,2.15,2.35,3.35,3.75,2.35,2.85,2.45,2.55,2.95,2.55,2.75,2.35,2.45,1.95,0.85,-0.25,-1.05,-1.75,-3.25,-3.85,-4.35,-3.95,-3.55,-3.95,-3.05,-3.85,-4.45,-3.55,-1.45,-3.05,-1.35,-0.05,-1.75,-0.15,0.35,1.15,1.05,1.55,0.55,-0.15,-0.75,-1.25,-0.05,0.15
1.35,0.85,0.75,1.15,1.05,-0.55,-2.05,-0.95,-1.55,-1.15,-0.25,1.35,1.15,2.55,0.55,-0.15,-1.25,-0.25,0.95,2.35,3.05,3.35,3.65,2.35,-1.25,-0.35,-1.25,-1.35,0.55,2.05,2.35,2.45,4.55,5.55,5.75,5.55,4.55,2.25,2.95,3.25,4.25,4.35,4.55,3.55,2.45,2.25,2.55,2.65,3.25,3.35,3.15,3.05,2.75,2.35,1.55,0.05,-2.85,-4.45,-3.95,-3.55,-2.95,-4.55,-5.05,-4.75,-3.85,-1.95,-2.85,-2.65,-1.85,-0.65,-0.35,-0.25,-0.05,-0.65,0.15,-0.15,0.35,-0.35,-1.95,-1.25,-1.15
0.85,2.05,2.55,1.75,1.65,-0.15,-0.45,-1.65,-1.95,-1.45,-1.25,-0.65,-0.15,1.35,3.15,0.95,-0.15,-1.35,-0.15,0.95,1.75,2.35,2.95,2.15,-2.95,-3.15,-1.95,-0.55,0.65,0.15,1.15,1.05,2.95,4.45,5.15,5.35,5.35,3.95,2.75,3.95,4.75,4.95,5.05,5.25,5.35,5.15,4.75,3.75,3.05,2.55,3.15,3.85,4.05,3.45,3.15,2.75,1.95,-2.75,-4.55,-4.95,-4.35,-6.15,-5.45,-6.55,-5.05,-3.85,-2.85,-2.45,-2.35,-2.95,-1.65,-0.45,-0.85,0.45,-1.65,-0.05,0.35,-0.05,-0.85,-1.55,-1.45
1.85,2.05,3.25,-0.85,1.65,1.75,-1.85,-1.95,-2.25,-2.15,-2.45,-2.05,-1.05,-0.25,0.55,1.35,0.55,0.25,-0.25,0.25,0.25,0.95,2.05,1.75,-1.85,-2.05,-0.35,-0.05,0.85,0.45,-0.85,1.15,2.25,3.45,3.55,4.15,4.85,4.25,3.95,3.75,3.55,4.85,4.65,4.45,4.35,4.35,4.35,3.75,4.05,3.75,3.55,3.55,3.85,4.05,4.15,4.15,3.55,2.95,-1.75,-4.25,-4.15,-6.05,-6.85,-7.75,-6.75,-5.05,-4.55,-4.35,-3.45,-3.95,-3.05,-0.05,0.15,-1.55,-2.25,-0.45,1.05,0.95,-1.55,-2.05,-2.75
3.15,3.75,2.35,2.45,-0.35,-0.85,-1.95,-1.95,-1.75,-1.95,-1.65,-2.05,-2.35,-1.45,-1.65,-0.75,0.55,1.35,0.55,-0.25,0.05,0.55,1.75,0.75,-1.65,-3.05,-1.55,-0.25,1.25,0.95,1.05,0.15,0.45,2.25,2.85,3.05,3.95,4.45,3.75,3.75,3.65,3.55,3.55,3.85,4.45,4.35,3.55,4.35,4.35,3.35,2.75,2.95,2.85,2.65,2.85,2.75,3.05,3.15,3.35,-2.25,-6.05,-6.25,-7.05,-7.75,-8.05,-7.05,-5.55,-4.95,-6.05,-5.15,-4.15,-2.25,-1.65,-1.35,-0.95,-0.75,-0.15,1.65,0.05,-2.05,-2.05
-0.15,0.35,1.35,0.95,-0.25,-1.75,-2.15,-1.15,-2.15,-2.15,-0.15,-2.35,-2.65,-0.65,0.15,-2.05,-1.25,-0.65,0.65,-0.05,1.05,1.45,1.75,0.95,-1.45,-2.15,-1.95,-2.45,-0.45,0.45,1.15,0.65,0.85,0.85,2.25,2.55,2.35,3.35,3.65,3.75,2.45,3.65,2.85,3.15,3.65,3.85,2.35,3.15,2.05,2.95,2.15,2.25,1.85,1.95,2.05,1.95,2.25,2.25,2.35,2.75,-4.05,-6.75,-6.65,-8.75,-8.65,-8.45,-7.35,-6.65,-6.25,-6.85,-6.65,-3.65,-1.95,-2.85,-0.65,-1.05,-0.25,0.45,0.85,0.75,-1.25
0.05,-1.15,-0.25,0.05,-1.45,-2.35,-2.25,-3.35,-3.15,-2.95,-1.55,-0.55,-0.15,-0.65,-1.45,-1.45,-2.45,-2.55,-1.65,-0.65,-0.05,1.15,1.65,0.45,-2.15,-3.15,-4.35,-3.45,-4.15,-3.05,-2.25,-0.15,1.05,1.65,2.25,2.85,3.65,3.75,3.55,3.65,3.75,4.05,4.05,3.25,4.95,4.65,4.35,4.15,4.05,2.75,3.05,3.35,2.55,0.85,0.25,0.55,1.15,1.95,1.35,1.75,1.35,-6.05,-8.05,-8.55,-9.95,-8.95,-8.25,-8.25,-7.05,-6.35,-6.75,-5.35,-4.05,-3.15,-3.45,-3.15,-0.75,-0.65,-0.05,0.25,0.25
-1.65,-2.15,-1.65,-2.05,-2.65,-1.45,-1.25,-1.75,-2.95,-2.55,-2.65,-1.75,-0.85,-0.25,-3.55,-2.95,-2.55,-3.65,-3.05,-1.55,-0.45,0.05,0.95,0.05,-2.75,-3.95,-5.25,-4.05,-3.15,-3.05,-1.65,-0.65,0.85,2.15,2.65,3.85,4.05,3.15,4.15,3.75,5.15,3.75,4.45,5.45,4.25,4.95,4.85,4.95,4.85,4.05,3.15,3.95,2.85,1.05,3.05,1.75,-0.95,-0.05,0.35,0.75,1.35,-1.05,-8.15,-9.35,-9.65,-9.75,-8.75,-9.15,-8.35,-7.75,-6.95,-6.75,-5.35,-3.55,-3.35,-2.25,-1.75,-0.75,-0.65,-0.95,-0.65
-3.55,-3.45,-2.75,-2.85,-2.85,-3.55,-2.85,-3.15,-1.95,-2.95,-2.15,-2.55,-2.05,-0.65,0.05,-1.35,-1.15,-2.75,-2.95,-2.15,-1.25,-0.35,0.35,-0.05,-2.45,-4.65,-4.75,-4.75,-3.05,-3.45,-2.35,-0.55,0.25,1.65,1.95,3.15,3.65,4.15,2.75,3.15,5.25,4.25,4.45,5.25,6.15,5.75,5.75,5.55,3.65,3.35,3.35,2.45,2.15,1.95,0.45,0.75,-0.75,-1.15,-1.85,-1.25,-0.25,-0.25,-1.25,-8.95,-9.65,-10.35,-10.25,-9.85,-9.15,-8.75,-7.75,-8.35,-7.35,-5.55,-2.55,-4.55,-4.85,-2.15,-2.65,-0.75,-2.35
-4.45,-4.35,-4.45,-4.35,-3.65,-3.55,-2.85,-3.75,-2.05,-0.75,-2.35,-2.25,-1.35,-0.35,-1.95,-1.95,-1.25,-2.05,-1.65,-3.45,-2.05,-1.45,-0.65,-0.65,-4.05,-5.85,-5.65,-5.75,-3.05,-2.55,-1.75,-0.55,0.25,0.95,2.45,1.75,2.35,3.95,4.85,4.05,5.25,6.75,5.15,5.35,5.55,6.25,5.35,5.15,6.35,6.25,5.85,5.35,2.85,1.75,1.35,2.05,-0.15,-0.75,-2.25,-3.35,-2.95,-2.65,-3.45,-2.15,-8.95,-10.35,-10.65,-10.05,-10.35,-9.45,-9.25,-8.25,-7.65,-7.15,-5.65,-3.85,-3.55,-3.35,-2.45,-3.25,-2.25
-4.95,-5.55,-5.55,-5.05,-4.85,-4.05,-4.55,-3.35,-3.45,-3.35,-3.15,-2.45,-2.05,-2.95,-2.15,-2.55,-3.65,-3.05,-1.85,-1.95,-3.15,-1.45,-1.85,-0.95,-4.65,-6.05,-5.15,-4.15,-2.75,-2.85,-2.45,-0.25,1.35,2.05,2.55,2.15,2.85,4.75,5.55,6.35,6.15,4.75,6.25,6.45,6.55,5.95,6.75,6.85,7.35,7.85,6.85,6.05,5.65,4.55,2.45,2.35,1.15,-0.25,-1.55,-3.95,-3.75,-3.65,-3.55,-4.15,-3.45,-9.75,-10.65,-10.85,-10.55,-10.55,-9.95,-9.35,-8.55,-8.15,-6.85,-5.95,-5.25,-4.75,-5.25,-4.65,-3.95
-7.05,-5.85,-5.75,-6.25,-5.35,-5.05,-4.55,-4.15,-3.85,-4.55,-3.75,-2.65,-1.75,-1.85,-0.85,0.75,-2.05,-3.55,-3.65,-3.45,-2.55,-2.65,-2.75,-2.05,-4.45,-5.75,-5.35,-3.45,-3.25,-3.05,-1.95,-0.35,1.85,1.75,3.15,4.55,2.95,3.45,5.05,6.35,6.65,6.55,6.05,6.95,6.55,6.35,7.25,7.45,6.95,7.15,7.65,6.75,6.55,5.95,4.25,3.85,1.65,0.25,-0.65,-2.85,-4.25,-4.65,-4.25,-4.15,-6.65,-4.95,-12.95,-8.45,-10.75,-11.05,-10.45,-10.05,-9.95,-8.95,-7.85,-7.35,-6.55,-5.95,-5.75,-5.75,-5.75
-5.65,-8.75,-7.55,-6.05,-6.55,-5.55,-5.75,-4.75,-4.75,-3.55,-3.25,-3.05,-2.85,-2.55,-2.35,-2.65,-2.55,-1.85,-3.55,-4.45,-4.05,-3.35,-3.45,-2.65,-5.25,-6.65,-6.45,-5.55,-4.15,-3.75,-1.35,-0.05,0.45,2.45,2.95,3.75,4.85,3.95,4.05,5.45,6.05,5.55,6.85,6.75,6.95,7.05,6.95,7.25,6.55,6.45,7.25,6.75,7.05,6.45,6.35,4.15,3.35,1.55,0.25,-1.45,-2.05,-4.65,-5.45,-5.95,-5.35,-4.65,-8.85,-10.95,-9.05,-11.45,-11.05,-11.05,-11.25,-10.15,-9.35,-8.35,-7.75,-7.05,-6.15,-5.95,-6.15
5.65,-7.35,-8.95,-7.85,-6.65,-6.45,-6.65,-6.15,-4.55,-4.45,-3.25,-2.85,-2.15,-0.95,-0.35,-3.95,-4.15,-3.05,-2.25,-3.95,-5.35,-4.85,-4.05,-3.75,-5.55,-8.15,-6.55,-5.75,-4.75,-2.45,-1.25,-1.05,0.45,2.25,4.15,3.65,4.45,4.85,4.05,5.35,6.45,5.75,6.55,6.85,7.85,7.15,7.15,6.65,5.75,6.75,6.45,6.95,6.15,5.15,6.35,4.85,3.05,1.45,0.35,-0.25,-1.35,-2.05,-4.55,-6.05,-6.75,-6.95,-5.95,-7.85,-7.05,-10.65,-10.15,-10.35,-11.45,-11.65,-10.15,-9.85,-8.85,-8.45,-6.85,-6.45,-5.85
6.45,0.05,-10.15,-10.25,-8.45,-8.15,-6.85,-7.15,-5.75,-4.95,-3.65,-3.05,-2.65,-1.35,-0.05,-0.95,-2.45,-3.05,-1.85,-2.25,-4.05,-6.65,-5.25,-4.65,-6.65,-5.85,-6.65,-4.95,-4.15,-2.55,-1.55,-0.45,0.05,1.85,1.75,3.85,3.45,3.05,4.75,6.05,6.45,7.25,6.75,6.55,6.05,5.75,6.05,6.55,6.35,5.95,5.85,5.55,6.25,6.55,5.75,5.85,4.35,2.35,0.65,-1.35,-1.95,-2.55,-3.45,-5.25,-6.65,-7.85,-8.45,-8.05,-7.65,-5.85,-9.85,-10.15,-10.95,-11.65,-11.55,-11.05,-10.15,-9.55,-8.85,-6.65,-6.45
4.35,4.55,-7.45,-10.85,-9.35,-8.75,-7.75,-5.05,-6.75,-5.45,-3.95,-3.45,-2.85,-2.25,-1.65,-0.95,-1.95,-3.15,-3.45,-3.35,-3.45,-6.35,-6.35,-6.65,-7.35,-6.35,-6.25,-5.85,-4.85,-2.95,-1.95,-0.95,0.25,0.75,2.05,4.35,4.15,5.75,5.95,6.35,5.65,6.65,6.85,7.15,7.45,5.95,7.75,7.45,5.95,5.65,6.25,5.35,6.55,7.45,6.95,6.05,5.05,3.05,1.65,0.65,-1.35,-3.15,-4.15,-3.95,-6.55,-7.85,-8.65,-8.85,-8.65,-7.25,-6.25,-10.75,-10.75,-10.85,-11.85,-11.75,-11.65,-10.55,-9.75,-8.55,-6.45
3.05,0.55,-1.25,-8.75,-9.55,-9.05,-7.35,-7.55,-6.05,-6.35,-5.35,-3.15,-2.25,-2.35,-2.75,-2.95,-3.25,-3.65,-5.45,-4.65,-4.75,-6.65,-7.55,-8.25,-6.65,-7.65,-7.65,-6.65,-4.75,-3.85,-1.65,-2.05,1.25,1.65,3.45,4.35,4.15,4.25,5.25,5.05,5.35,6.15,6.25,7.15,7.15,7.35,6.95,5.25,5.95,6.35,4.75,5.25,6.65,6.75,7.75,7.05,5.75,3.95,2.25,1.55,-0.75,-3.45,-3.35,-4.15,-5.35,-7.35,-8.75,-8.65,-9.05,-9.15,-7.05,-5.85,-8.65,-9.95,-11.95,-12.35,-11.65,-11.15,-10.75,-9.55,-8.55
0.95,-2.65,-3.25,-2.65,-0.55,-4.15,-7.75,-8.75,-7.35,-6.85,-6.65,-3.85,-1.95,-2.55,-2.75,-3.75,-5.05,-5.15,-6.45,-7.75,-6.75,-7.65,-8.75,-9.15,-8.65,-8.75,-7.85,-6.85,-6.45,-3.65,-2.25,-0.95,0.95,2.05,2.85,4.05,3.75,3.75,3.95,4.85,5.55,6.45,6.25,5.85,6.25,6.85,6.05,5.35,6.65,6.45,5.75,5.35,6.35,7.45,8.65,8.45,6.95,5.25,3.55,0.95,-1.05,-1.75,-4.25,-4.65,-5.65,-6.85,-8.15,-8.65,-9.45,-9.35,-8.55,-6.75,-5.65,-7.35,-11.85,-11.05,-12.05,-11.75,-10.75,-10.15,-9.35
3.05,-3.85,-4.85,-5.95,-4.65,-2.75,-0.75,-0.65,-6.35,-7.85,-7.25,-5.95,-1.75,-1.95,-2.25,-2.75,-4.65,-5.75,-6.95,-9.25,-8.95,-9.65,-11.55,-10.35,-10.05,-9.65,-8.55,-7.25,-5.75,-4.25,-3.55,-0.85,0.65,1.95,3.35,4.35,4.05,2.85,2.05,2.35,3.95,4.25,4.85,5.35,6.05,7.95,7.95,7.35,7.45,5.55,5.95,6.25,6.95,8.05,8.65,8.55,7.75,7.65,5.95,2.95,-0.65,-3.35,-4.25,-4.75,-6.55,-8.05,-8.95,-9.25,-9.05,-9.35,-8.15,-7.55,-5.85,-4.75,-4.95,-12.95,-12.35,-11.95,-11.15,-10.25,-9.45
3.15,3.45,-5.75,-5.05,-4.15,-2.05,-1.45,0.25,-0.15,-8.25,-7.65,-5.95,-4.35,-0.75,-1.45,-3.15,-4.65,-7.05,-9.05,-11.25,-12.25,-11.55,-12.75,-11.55,-10.75,-10.35,-9.25,-8.45,-6.45,-4.75,-3.25,-0.35,2.35,4.25,4.65,7.25,8.15,6.95,6.65,4.35,-1.05,2.65,2.85,5.15,6.35,7.65,7.35,7.15,6.85,6.55,6.35,6.15,6.75,8.85,10.65,9.35,8.35,8.55,7.05,5.35,3.65,-0.45,-4.65,-4.45,-5.65,-7.65,-9.45,-10.15,-10.35,-9.05,-8.15,-6.95,-5.85,-4.15,-3.45,-6.65,-13.45,-11.15,-10.15,-9.75,-8.95
-0.55,2.95,-7.35,-5.85,-4.15,-2.05,0.75,0.35,0.35,-6.65,-7.95,-4.95,-3.65,-1.15,-0.35,-1.65,-2.45,-10.75,-12.15,-13.15,-14.75,-14.55,-14.75,-13.45,-11.85,-11.45,-9.45,-8.75,-7.35,-4.75,-0.35,2.25,4.55,5.75,6.15,7.35,7.45,6.45,5.75,5.35,-3.65,-0.65,3.25,4.85,5.95,6.95,6.65,8.55,7.35,7.25,7.45,7.65,8.35,10.45,10.45,9.85,8.95,8.35,6.35,3.65,2.75,0.85,-0.35,-1.45,-4.45,-7.15,-9.95,-10.85,-10.65,-9.55,-7.95,-6.85,-5.65,-4.15,-3.15,-6.05,-10.55,-10.05,-10.05,-9.45,-9.05
-1.75,-2.25,-7.75,-7.95,-5.75,-2.95,0.05,1.75,0.85,-6.45,-5.35,-3.55,-0.85,-1.95,-1.85,-3.35,-4.55,-7.85,-11.75,-15.95,-16.05,-16.55,-14.75,-13.75,-12.55,-11.35,-9.65,-8.45,-6.95,-2.95,0.95,3.55,3.75,4.45,6.95,6.15,8.15,8.35,7.85,5.75,-4.35,-1.35,3.55,5.75,5.35,6.05,7.95,8.05,8.55,7.95,7.75,8.65,9.65,11.75,12.85,11.15,10.65,10.45,7.85,1.75,-0.45,-0.25,0.15,0.35,-2.05,-8.45,-9.85,-10.05,-9.55,-8.15,-6.85,-5.35,-3.85,-2.65,-2.95,-5.85,-9.95,-10.25,-9.85,-8.75,-8.15
-2.35,-3.95,-8.15,-9.15,-6.35,-3.95,-0.05,1.95,4.65,-3.55,-0.95,-1.55,-5.15,-7.95,-4.45,-3.75,-8.35,-12.15,-13.85,-17.95,-17.55,-17.85,-15.65,-13.85,-12.95,-10.95,-9.75,-8.45,-6.35,-2.35,0.55,1.55,3.25,4.65,5.75,6.65,7.45,8.35,8.35,-2.15,-3.75,-0.15,3.65,6.75,4.05,5.05,6.65,8.85,8.85,8.25,8.95,8.55,9.15,10.15,11.55,11.55,12.55,13.15,10.35,1.65,-0.95,-1.05,-0.05,0.95,-1.75,-5.15,-7.15,-7.05,-6.55,-6.35,-5.65,-4.65,-3.25,-2.65,-2.35,-3.15,-3.55,-5.75,-5.75,-6.05,-7.95
-4.65,-6.95,-4.55,-8.95,-6.75,-4.95,-0.75,2.35,3.15,0.15,2.95,-0.05,-1.55,-4.45,-2.65,-6.75,-12.05,-15.55,-20.15,-20.05,-19.35,-16.85,-15.15,-14.15,-12.55,-10.75,-9.85,-7.45,-4.45,-2.25,-0.85,1.15,3.35,5.05,5.65,7.65,8.05,7.65,8.55,0.05,-2.25,-0.05,2.95,4.85,3.05,4.95,7.05,7.95,8.55,8.85,8.75,9.25,9.55,10.55,11.35,11.95,12.95,14.05,12.45,9.15,6.95,4.45,1.85,1.05,-1.25,-3.35,-3.75,-3.95,-3.95,-1.65,1.55,1.25,1.15,0.35,-1.15,-2.45,-3.75,-4.35,-4.25,-6.05,-6.55
-7.05,-6.15,2.35,-9.45,-6.45,-5.05,-1.15,2.55,3.45,-0.75,0.25,-1.25,-2.15,2.45,3.95,-1.45,-8.65,-19.15,-22.95,-20.85,-17.75,-16.35,-15.35,-14.05,-12.35,-11.15,-9.05,-7.05,-5.15,-3.65,-1.45,0.65,2.95,5.25,4.85,6.35,6.95,6.05,6.05,5.95,-1.75,-0.95,0.65,4.25,4.25,3.85,6.65,7.35,7.55,8.75,10.15,10.55,11.45,13.15,13.85,11.45,12.45,13.25,12.75,11.65,10.75,10.05,8.05,2.65,1.35,1.35,1.45,1.95,2.45,2.75,3.55,3.85,2.45,1.15,0.85,2.05,-0.25,-1.65,-3.65,-5.35,-6.15
-4.35,-8.45,-4.65,-8.05,-5.95,-4.55,0.25,3.25,0.45,0.35,-2.35,0.15,5.05,5.15,-0.95,-8.35,-11.45,-15.55,-17.35,-15.95,-15.45,-14.65,-14.15,-13.05,-11.65,-10.35,-9.85,-7.85,-5.75,-4.45,-1.65,1.35,3.25,4.15,4.85,5.55,5.75,5.15,6.05,7.35,-2.25,-1.25,-0.45,1.55,3.95,3.25,4.35,6.55,6.55,7.35,8.55,9.95,10.25,11.55,11.85,11.65,10.65,11.75,11.35,11.15,10.45,9.65,9.05,9.55,4.75,3.45,3.45,4.05,4.45,4.75,5.55,6.05,6.05,5.65,7.75,10.05,8.75,8.25,9.35,8.35,7.45
0.35,-6.85,-7.65,-7.15,-5.55,-3.25,1.55,0.65,-1.95,-0.45,4.45,0.55,2.25,-2.85,-3.15,-8.15,-9.85,-11.65,-13.35,-13.85,-13.85,-13.65,-13.55,-12.55,-11.45,-10.65,-8.75,-8.15,-6.75,-4.45,-1.85,0.05,1.55,3.85,3.45,4.65,6.45,4.85,5.65,5.05,4.25,4.35,-2.15,-0.15,1.35,2.15,3.45,5.45,6.55,6.65,7.25,8.15,9.75,9.45,9.05,10.05,10.15,9.55,9.05,9.85,10.15,9.35,8.85,7.95,6.95,5.95,4.85,4.35,3.95,5.65,6.45,8.35,6.75,6.95,6.65,7.25,8.85,9.65,9.85,11.15,10.35
-7.05,-5.55,-6.65,-6.25,-7.25,-1.25,-1.65,-0.25,-0.35,3.05,6.25,4.15,1.35,-2.85,-2.95,-5.45,-7.95,-9.75,-10.75,-12.45,-12.65,-13.15,-13.25,-11.85,-10.85,-10.75,-9.75,-8.25,-7.05,-4.75,-2.65,-1.15,0.05,1.65,2.65,4.25,4.95,4.95,4.15,3.95,4.15,4.15,3.15,2.35,-1.85,1.25,3.15,4.75,5.85,6.25,6.55,7.45,8.15,9.15,9.35,9.25,9.25,8.95,8.95,8.75,8.25,7.65,7.05,5.95,6.15,5.85,4.85,3.95,4.05,5.05,4.35,5.55,6.45,6.75,6.55,5.95,7.25,8.45,7.25,7.35,7.95
-4.15,-5.15,-6.15,-7.05,-8.95,-1.45,-0.15,0.05,0.25,5.65,4.25,2.75,0.15,-4.05,-3.75,-6.15,-8.65,-8.85,-10.15,-11.15,-11.95,-12.55,-12.75,-11.35,-10.75,-10.65,-9.75,-8.75,-7.05,-5.45,-3.35,-2.25,-1.75,0.75,1.75,2.15,3.35,5.15,3.85,4.55,3.25,4.15,4.25,4.75,1.25,1.65,1.95,3.45,4.25,5.05,5.15,5.65,6.95,6.65,6.95,8.25,8.65,8.85,8.75,7.55,7.65,7.05,7.05,6.45,5.95,5.65,5.75,5.75,5.45,5.25,5.55,5.75,6.55,7.95,8.75,8.95,9.35,9.95,10.35,10.45,11.15
-6.45,-6.25,-5.95,-6.75,-7.85,-4.35,-0.25,2.75,5.45,6.85,3.25,-0.35,2.75,-6.95,-6.65,-7.25,-8.55,-9.55,-10.35,-11.05,-12.35,-13.55,-11.05,-11.15,-11.55,-10.55,-9.75,-8.65,-7.65,-5.95,-4.75,-3.15,-3.15,-0.25,1.35,0.55,1.15,3.05,3.55,3.15,2.95,3.75,4.45,4.65,2.95,2.55,3.65,2.85,3.25,2.05,3.45,3.55,5.25,4.95,6.15,6.55,6.45,6.75,6.65,6.55,6.95,7.15,6.15,5.85,5.15,4.65,4.45,4.55,4.55,4.85,6.35,6.85,6.75,7.05,7.95,8.45,8.95,8.85,9.05,10.05,10.85
-7.15,-7.55,-6.65,-5.85,-5.95,-4.55,-2.25,-0.15,4.75,5.65,3.15,-0.05,-0.05,-5.35,-8.55,-9.05,-10.35,-10.65,-10.95,-11.85,-13.15,-11.65,-13.05,-12.05,-11.95,-11.35,-10.45,-9.15,-8.25,-6.45,-5.85,-4.35,-2.45,-1.35,-0.15,1.25,-0.05,2.05,1.75,2.75,2.35,1.95,2.45,4.05,3.75,3.65,3.75,3.35,2.55,1.45,2.05,2.25,3.15,4.35,5.25,5.05,4.95,4.75,4.85,4.95,5.15,5.35,5.35,4.75,4.55,4.65,4.95,4.75,4.85,4.55,5.25,6.35,7.05,8.15,9.15,9.25,9.65,10.05,10.75,10.85,10.35
-6.95,-7.75,-6.45,-6.15,-6.65,-5.35,-4.15,-1.25,0.75,2.65,3.05,-1.45,-0.45,-3.75,-7.95,-7.45,-9.85,-10.85,-12.45,-13.35,-13.65,-13.25,-12.25,-12.35,-11.15,-12.05,-11.15,-9.95,-8.35,-7.55,-6.45,-5.85,-4.05,-2.55,-2.55,-2.25,0.75,2.05,-0.55,0.95,1.55,2.95,3.55,4.25,5.05,4.15,4.85,4.35,3.45,1.95,1.85,1.85,2.95,3.55,3.95,4.65,4.65,5.05,5.55,5.25,4.75,4.35,4.05,3.95,4.05,3.85,4.15,4.65,5.05,5.55,5.85,6.55,7.35,8.15,9.15,10.05,10.55,11.25,11.95,12.45,12.25
-7.35,-6.55,-6.15,-7.65,-6.95,-5.35,-3.55,-1.15,-1.35,-2.75,0.15,-2.45,-1.85,-3.15,-5.75,-7.85,-9.85,-11.05,-12.25,-13.25,-13.45,-13.15,-11.75,-11.55,-12.85,-12.45,-10.65,-9.05,-8.25,-7.75,-7.45,-6.45,-5.05,-4.15,-2.45,-2.55,-1.55,-1.65,0.85,-1.15,-0.45,1.15,2.35,2.55,1.65,2.05,3.05,4.35,4.15,3.25,3.55,3.15,3.65,3.65,4.35,4.35,4.45,4.45,4.55,4.55,4.65,4.85,4.25,3.65,3.65,3.75,3.55,3.45,3.55,3.75,4.25,5.55,6.85,8.05,9.15,10.15,11.25,12.35,12.35,11.65,11.05
-5.85,-5.75,-7.25,-7.65,-5.05,-4.35,-2.45,-0.05,-0.55,-3.85,-3.85,-2.45,-5.75,-3.85,-3.25,-5.55,-8.35,-10.55,-12.15,-13.45,-13.35,-13.65,-12.95,-12.65,-11.45,-10.65,-9.85,-9.35,-9.75,-7.95,-7.15,-7.55,-5.95,-4.85,-4.55,-3.75,-3.25,-2.45,-1.15,-1.45,0.45,1.25,0.45,-0.85,0.75,1.65,1.25,-0.65,-1.15,-0.35,0.45,1.35,2.35,2.75,3.15,3.05,2.55,2.55,1.95,1.85,2.45,3.05,3.05,3.35,3.85,3.95,4.65,4.85,4.65,5.15,5.85,6.55,7.05,7.85,8.55,8.75,9.45,10.15,10.65,11.25,11.65
-4.75,-6.15,-6.45,-4.45,-4.25,-3.25,-1.55,-0.95,-1.75,-2.55,-2.35,-1.35,-3.05,-4.65,-3.55,-5.55,-9.35,-9.45,-11.15,-12.95,-13.95,-14.55,-13.65,-13.15,-13.35,-11.05,-9.65,-9.05,-8.65,-8.45,-8.75,-7.15,-6.05,-5.75,-5.65,-4.55,-2.65,-3.35,-2.45,-1.85,-1.25,-1.35,-0.65,0.35,0.85,1.15,0.25,0.45,1.75,2.55,2.25,2.05,2.25,2.15,2.45,1.95,2.05,2.85,2.65,3.05,3.45,3.85,3.85,4.35,5.55,5.35,4.85,3.95,3.15,2.65,2.55,4.15,4.85,5.75,7.45,9.05,10.05,10.65,10.95,11.15,10.75
-3.95,-3.35,-2.25,-1.45,-1.45,-1.95,-2.65,-1.85,-2.65,-2.65,-3.45,-3.05,-3.75,-5.65,-6.05,-6.85,-7.45,-9.65,-10.65,-13.95,-14.65,-14.05,-14.15,-13.85,-13.75,-12.15,-11.55,-10.55,-9.45,-9.05,-6.55,-7.05,-6.55,-6.05,-5.35,-5.75,-4.45,-3.05,-1.35,-3.05,-2.85,-2.25,-1.35,-0.75,-0.75,-1.35,-0.85,1.15,0.35,0.65,1.55,2.65,3.25,2.05,2.15,2.15,2.15,1.85,1.45,1.65,1.85,2.25,2.85,2.95,2.15,1.65,2.95,3.15,2.95,4.05,4.25,4.65,5.75,6.75,7.65,8.75,9.65,10.25,10.65,11.05,11.25
