gfs.json
{"header": {"discipline": 0, "disciplineName": "Meteorological products", "gribEdition": 2, "center": "kwbc", "centerName": "US National Weather Service - NCEP(WMC)", "subcenter": 0, "refTime": "2026-04-14T00:00:00.000Z", "significanceOfRT": 1, "significanceOfRTName": "Start of forecast", "productStatus": 0, "productStatusName": "Operational products", "productType": 1, "productTypeName": "Forecast products", "productDefinitionTemplate": 0, "productDefinitionTemplateName": "Analysis/forecast at horizontal level/layer at a point in time", "parameterCategory": 2, "parameterCategoryName": "Momentum", "parameterNumber": 3, "parameterNumberName": "V-component_of_wind", "parameterUnit": "m.s-1", "genProcessType": 2, "genProcessTypeName": "Forecast", "forecastTime": 0, "surface1Type": "sfc", "surface1TypeName": "Unknown", "surface1Value": 10, "surface2Type": 255, "surface2TypeName": "Missing", "surface2Value": 0, "gridDefinitionTemplate": 0, "gridDefinitionTemplateName": "Latitude_Longitude", "numberPoints": 65160, "shape": 6, "shapeName": "Earth spherical with radius of 6,371,229.0 m", "gridUnits": "degrees", "resolution": 48, "winds": "true", "scanMode": 0, "nx": 360, "ny": 181, "basicAngle": 0, "subDivisions": 0, "lo1": 0.0, "la1": 90.0, "lo2": 359.0, "la2": -90.0, "dx": 1.0, "dy": 1.0}, "data":
[rows 144 to 179 of 181, columns 246 to 327 of 360]
2.94,3.04,2.84,2.24,2.24,2.14,2.04,2.24,1.94,1.84,1.54,1.24,0.14,-0.06,-7.46,-9.26,-9.26,-8.66,-7.46,-7.66,-7.36,-6.86,-5.26,-6.76,-7.66,-7.46,-6.26,-6.66,-7.06,-5.46,-2.46,-1.46,-1.66,-1.86,-2.26,-1.96,-3.16,-4.76,-6.36,-7.96,-9.46,-7.06,-1.26,-3.86,-2.86,-0.36,-2.66,-3.26,-4.96,-6.56,-7.76,-10.86,-11.36,-11.86,-12.46,-12.26,-13.06,-14.66,-15.66,-14.56,-15.86,-16.26,-15.56,-14.26,-13.36,-12.26,-11.06,-9.66,-8.36,-7.26,-6.36,-5.26,-4.26,-3.46,-2.56,-1.76,-0.26,2.24,0.04,-1.36,-1.76,0.24
4.04,4.64,4.74,4.34,3.14,2.54,2.34,1.84,1.34,1.14,0.94,0.94,1.24,-5.36,-9.76,-8.96,-9.16,-8.06,-6.96,-7.76,-7.76,-8.06,-8.66,-7.46,-6.56,-6.16,-6.66,-7.96,-6.26,-4.16,-2.06,-1.86,-2.06,-2.06,-2.06,-2.46,-4.96,-6.66,-7.36,-8.46,-9.36,-9.16,-8.76,-8.86,-2.36,-3.06,-2.66,-3.56,-5.56,-5.06,-4.86,-7.36,-9.56,-11.46,-12.56,-13.26,-13.96,-13.86,-15.36,-16.46,-15.36,-14.16,-14.66,-14.96,-14.46,-13.46,-12.36,-10.96,-9.66,-7.96,-6.86,-6.46,-5.86,-4.86,-3.86,-3.16,-2.86,-4.96,-6.46,1.54,2.94,4.24
5.14,6.04,6.54,5.74,4.84,3.34,2.34,1.74,0.84,0.54,0.54,0.34,-4.76,-8.26,-9.06,-8.86,-8.86,-7.56,-7.06,-9.66,-8.66,-9.16,-7.66,-6.46,-5.66,-6.36,-7.16,-6.66,-3.96,-2.16,-1.26,-1.56,-1.56,-2.66,-2.66,-4.06,-5.46,-6.66,-7.36,-7.46,-8.36,-8.96,-9.66,-9.56,-10.16,-9.06,-7.06,-6.16,-7.36,-6.76,-4.96,-4.96,-8.66,-10.16,-12.26,-12.16,-12.26,-14.36,-15.26,-15.66,-16.26,-15.86,-15.16,-14.86,-14.66,-14.06,-13.16,-12.06,-10.96,-9.26,-7.76,-6.86,-6.06,-5.46,-4.36,-4.06,-3.56,-2.66,-1.66,-0.56,0.64,2.64
7.04,6.44,5.84,5.54,4.24,3.84,1.64,0.54,-0.06,-1.16,-1.86,-3.46,-4.66,-5.06,-6.96,-8.16,-7.76,-8.06,-9.86,-9.86,-8.76,-7.26,-6.66,-6.16,-6.36,-6.36,-4.46,-2.46,-1.56,-1.46,-1.26,-1.56,-2.46,-4.26,-5.56,-6.06,-5.36,-5.66,-6.36,-6.46,-6.76,-7.36,-7.26,-8.36,-9.96,-10.36,-9.16,-8.56,-9.96,-9.96,-8.46,-8.06,-5.36,-9.56,-10.56,-12.86,-12.56,-13.06,-13.86,-15.86,-16.26,-15.86,-15.66,-15.36,-14.26,-14.36,-13.56,-12.66,-11.26,-9.76,-8.46,-7.46,-6.56,-5.56,-4.56,-3.76,-3.96,-3.16,-1.96,-0.06,1.54,3.44
7.04,5.74,6.94,6.04,5.64,2.34,2.14,-1.66,-3.76,-2.26,0.34,-0.76,-4.86,-5.96,-3.46,-6.56,-9.06,-10.36,-8.96,-7.16,-7.36,-7.66,-7.36,-5.16,-4.56,-2.86,-2.86,-1.86,-2.16,-1.76,-1.66,-2.66,-3.36,-4.06,-5.76,-6.76,-6.16,-5.96,-6.06,-6.06,-6.66,-5.66,-6.16,-6.46,-7.36,-9.06,-9.26,-9.26,-9.36,-10.56,-12.46,-11.96,-9.46,-8.76,-10.46,-12.66,-12.16,-12.76,-13.66,-14.56,-16.06,-15.86,-15.76,-15.06,-14.46,-14.26,-13.66,-12.76,-11.86,-10.56,-9.36,-7.86,-6.96,-5.76,-4.56,-3.66,-3.16,-2.26,-0.86,0.34,2.44,4.84
6.94,7.44,6.74,1.74,2.34,-2.66,-3.46,-3.56,-4.06,-3.26,-1.76,-1.06,-1.56,-2.66,-2.66,-4.06,-4.16,-4.46,-4.56,-5.16,-5.46,-4.76,-4.36,-4.06,-2.66,-1.86,-1.66,-2.16,-1.76,-2.66,-2.96,-2.66,-3.56,-4.56,-5.76,-5.76,-5.86,-5.66,-5.76,-5.76,-6.16,-6.86,-6.76,-7.36,-6.96,-6.46,-8.06,-8.96,-10.36,-11.96,-12.96,-14.16,-14.16,-11.96,-9.86,-8.06,-9.86,-12.16,-12.76,-13.76,-15.16,-15.66,-16.06,-15.46,-15.16,-14.76,-13.76,-12.76,-11.76,-10.56,-9.26,-8.16,-7.06,-6.16,-4.86,-3.76,-2.46,-1.76,-0.46,1.24,3.54,6.04
7.34,0.34,-1.06,-0.96,-0.86,-0.86,-1.36,-1.96,-1.86,-0.96,-1.26,-1.66,-1.36,-1.96,-2.56,-3.06,-3.06,-3.06,-3.06,-2.96,-2.36,-2.66,-2.46,-1.56,-1.36,-1.26,-1.16,-1.66,-1.86,-2.06,-2.16,-2.16,-3.76,-4.36,-4.16,-4.06,-4.36,-4.46,-5.56,-5.86,-6.16,-5.56,-6.16,-4.66,-5.76,-6.26,-7.36,-8.86,-10.56,-13.06,-14.46,-15.86,-17.96,-15.16,-12.76,-10.76,-9.06,-5.86,-9.76,-14.96,-15.06,-14.86,-14.86,-15.56,-15.86,-14.46,-13.66,-12.16,-11.36,-10.56,-9.36,-7.96,-7.06,-6.26,-5.26,-3.96,-2.96,-2.16,-0.26,1.54,4.04,6.54
-2.76,-2.66,-2.06,-1.66,-3.96,-4.36,-3.76,-1.66,-0.56,0.04,0.94,0.44,-1.56,-1.66,-1.76,-1.46,-0.86,-0.86,-1.26,-1.46,-0.96,-0.76,-1.06,-0.76,-0.26,-1.16,-1.56,-1.96,-2.96,-3.66,-3.46,-3.26,-3.26,-3.76,-3.96,-3.86,-4.16,-5.06,-5.06,-5.06,-5.86,-6.16,-6.06,-4.86,-2.16,-8.96,-7.96,-5.56,-8.56,-11.36,-14.46,-18.56,-17.26,-14.76,-13.76,-12.66,-11.06,-8.96,-4.86,-13.86,-15.76,-15.86,-15.46,-13.96,-14.16,-14.06,-13.46,-12.76,-11.76,-10.06,-9.46,-8.36,-7.16,-6.36,-5.56,-4.16,-3.06,-2.26,-0.26,2.14,3.74,7.04
-1.16,0.24,0.74,1.34,0.04,-6.76,-3.86,-0.76,1.14,1.74,0.54,0.24,0.24,0.34,0.94,1.04,1.04,0.94,0.44,0.34,0.24,-0.16,0.44,0.34,0.34,-1.06,-1.46,-1.46,-1.66,-2.06,-1.66,-0.96,-1.76,-1.56,-1.16,-2.36,-4.16,-5.06,-5.66,-5.56,-6.46,-6.26,-8.46,-7.46,-5.16,-6.16,-7.86,-9.76,-9.96,-9.66,-11.96,-13.36,-13.76,-14.66,-13.06,-11.06,-8.46,-10.16,-4.76,-13.96,-16.26,-16.16,-15.46,-13.86,-12.16,-11.96,-12.06,-11.86,-10.56,-10.66,-9.56,-8.46,-6.66,-5.16,-4.26,-3.86,-3.16,-1.86,0.14,1.84,4.74,7.44
1.14,1.34,1.64,0.94,-0.06,-2.76,-0.36,1.54,2.34,2.24,2.34,2.44,2.84,2.84,2.54,2.14,1.84,1.24,0.54,0.24,0.04,0.14,0.04,0.44,0.04,-0.36,-0.06,-0.36,-1.06,-1.66,-1.86,-2.36,-2.96,-3.16,-3.06,-4.06,-5.76,-5.76,-5.96,-7.06,-5.16,-7.76,-13.56,-10.66,-9.16,-8.46,-8.36,-9.06,-9.46,-10.66,-10.56,-12.36,-13.16,-11.66,-6.56,-9.06,-5.66,-5.46,-5.76,-10.56,-13.16,-14.56,-15.06,-13.46,-11.76,-10.96,-11.06,-11.16,-10.56,-9.66,-7.36,-7.26,-6.76,-5.66,-5.16,-4.66,-4.46,-2.16,-0.76,1.44,4.34,6.84
3.04,3.14,2.44,2.44,1.74,1.94,2.54,3.24,3.94,4.24,4.44,4.44,4.24,3.74,3.44,2.84,2.34,2.04,1.94,1.74,1.74,1.14,0.44,-0.36,-0.66,-1.16,-1.56,-1.46,-1.56,-1.96,-1.86,-2.96,-3.76,-3.66,-3.96,-4.86,-6.46,-8.16,-8.66,-8.06,-12.66,-12.56,-12.36,-11.16,-10.36,-10.56,-10.16,-9.86,-9.56,-9.16,-8.46,-5.56,-5.16,-2.66,-3.96,-6.06,-1.46,-1.66,-7.96,-9.46,-11.06,-12.16,-11.46,-10.56,-9.66,-10.36,-10.36,-9.56,-9.06,-8.86,-8.46,-7.96,-7.16,-6.66,-6.36,-6.06,-4.46,-2.56,-1.06,0.64,3.64,5.54
2.04,2.94,4.44,4.44,4.54,4.94,4.94,4.84,5.24,5.14,4.74,4.64,5.24,5.44,4.94,4.24,3.74,3.44,3.04,2.64,2.04,1.84,2.04,1.44,0.64,0.64,-0.36,-0.56,-1.16,-1.96,-2.66,-3.76,-4.36,-5.46,-6.36,-6.66,-7.06,-10.16,-12.26,-14.06,-13.86,-12.76,-11.56,-10.06,-9.06,-8.66,-9.26,-9.66,-9.66,-7.56,0.44,-2.46,0.14,-0.56,1.84,1.54,1.04,0.94,1.64,-7.16,-10.46,-10.86,-10.86,-10.76,-10.76,-10.06,-9.46,-9.26,-8.96,-8.76,-8.76,-7.96,-7.66,-7.76,-7.56,-6.56,-4.86,-3.36,-2.06,-0.26,2.14,4.34
4.94,5.14,5.24,5.64,6.04,6.34,6.64,6.34,7.04,7.44,7.64,7.94,8.34,8.14,7.64,5.54,3.74,3.44,3.14,3.34,3.74,3.34,3.04,3.54,3.54,3.14,2.94,2.74,-0.66,1.44,0.14,-1.96,-3.76,-7.36,-9.46,-8.26,-11.36,-10.26,-10.76,-11.66,-11.46,-10.96,-10.36,-10.96,-10.36,-10.06,-8.96,-8.36,-5.26,4.14,-0.76,1.54,3.44,4.54,-2.36,1.84,1.94,1.64,1.14,-8.06,-11.16,-10.76,-9.76,-9.56,-9.46,-9.26,-9.46,-9.06,-9.16,-9.16,-7.46,-7.76,-7.96,-8.06,-7.76,-6.46,-5.06,-3.76,-2.86,-1.86,-0.16,1.74
6.84,7.64,7.74,4.14,6.04,6.74,7.84,8.94,9.34,9.54,9.94,10.64,10.24,9.44,9.24,8.94,6.84,5.44,5.54,5.74,7.54,7.44,6.14,3.84,2.64,2.24,2.24,1.74,2.84,1.84,0.84,0.24,-5.36,-5.36,-6.56,-6.76,-8.36,-10.76,-11.26,-10.96,-10.06,-10.96,-11.16,-10.26,-10.06,-6.26,-0.06,11.14,1.34,1.34,2.04,6.04,1.84,0.44,-0.86,-0.86,-0.46,-0.56,-1.36,-5.56,-7.46,-7.96,-7.76,-7.56,-7.96,-8.96,-8.86,-8.86,-8.36,-7.86,-8.16,-8.26,-8.56,-7.96,-7.06,-5.76,-4.76,-4.26,-3.66,-2.86,-2.26,-1.36
4.84,4.84,5.24,6.54,7.44,8.14,9.04,9.54,10.14,10.84,11.04,11.44,11.84,10.94,9.44,5.64,7.24,10.04,10.44,10.54,10.94,10.44,8.24,7.14,7.04,6.34,5.54,2.74,-1.36,-0.46,-2.66,-3.76,-4.16,-5.06,-5.66,-6.86,-8.96,-10.46,-11.06,-11.76,-12.36,-12.16,-8.26,-0.06,-1.16,-2.06,-5.46,-1.06,-1.06,4.54,9.04,11.04,11.74,9.24,-0.06,-0.96,-0.96,-3.06,-3.56,-3.06,-2.96,-4.16,-5.06,-5.66,-5.86,-5.56,-5.46,-5.76,-6.16,-7.06,-7.66,-7.76,-7.26,-6.86,-6.06,-5.46,-4.46,-3.96,-4.06,-4.26,-3.36,-2.56
6.74,6.64,7.54,7.54,7.74,8.34,8.74,9.24,10.04,10.44,11.24,11.14,11.54,11.64,9.44,8.64,9.64,9.64,10.54,11.54,12.34,12.24,11.94,11.44,10.64,8.84,6.64,6.14,4.64,0.84,-3.46,-1.96,-3.16,-4.26,-5.66,-6.46,-7.96,-9.06,-9.86,-11.06,-11.26,-11.26,-4.86,1.24,4.74,1.04,1.34,-2.16,-3.06,0.14,3.04,9.54,14.64,13.54,11.54,7.24,4.34,2.94,1.74,0.84,0.04,-0.36,-0.56,-0.26,-0.26,-0.46,-0.46,-1.26,-3.26,-3.96,-4.86,-4.96,-5.16,-5.26,-4.86,-4.56,-4.46,-4.26,-4.36,-4.16,-4.06,-4.16
6.44,6.54,6.84,6.84,6.94,7.14,7.04,7.04,6.84,7.54,8.04,9.94,10.14,10.24,10.04,9.94,10.24,10.74,10.64,10.74,11.14,11.24,11.34,11.84,11.44,10.64,10.14,9.04,6.74,3.44,1.14,-0.66,-3.46,-4.86,-4.76,-5.96,-10.36,-13.06,-11.86,-7.66,0.84,0.14,-0.06,-5.66,-4.86,-2.46,-11.76,-9.16,-3.46,0.04,0.54,2.44,7.04,12.34,12.54,10.94,8.54,6.64,5.24,4.34,3.74,2.84,1.84,1.14,0.64,0.24,-0.56,-1.16,-3.06,-2.86,-2.46,-2.46,-2.76,-3.56,-3.96,-4.06,-4.06,-4.06,-3.56,-3.86,-4.96,-5.56
6.44,6.74,7.04,7.44,7.64,7.34,7.14,6.94,6.14,4.74,3.44,3.74,4.94,6.94,7.74,8.64,9.34,10.04,10.24,9.84,9.54,9.24,9.04,9.54,9.54,9.34,9.74,9.04,6.74,6.44,5.74,3.44,3.04,3.14,3.64,2.94,0.24,-1.26,-2.46,-3.06,-2.86,-1.26,-0.86,-0.86,1.04,-1.26,-2.46,-11.76,-11.36,-10.16,-3.06,1.14,1.84,7.54,10.24,9.24,7.94,6.44,5.14,3.94,3.04,2.44,1.84,1.14,0.54,-0.06,-0.66,-1.26,-2.16,-2.76,-2.96,-3.96,-3.76,-3.26,-3.16,-2.76,-3.06,-3.76,-4.36,-4.36,-5.06,-5.56
7.04,7.64,7.94,7.84,8.34,8.14,8.04,7.64,7.04,7.24,8.34,7.74,4.24,4.64,3.94,5.04,3.84,5.14,7.44,7.94,7.54,7.54,7.64,9.04,9.14,9.44,10.24,10.94,11.34,8.94,7.84,7.84,7.14,7.54,8.04,10.04,11.54,7.54,4.34,0.04,-0.86,-1.36,-2.56,-0.76,-4.56,-1.76,-5.16,-3.96,-6.06,-1.96,1.24,0.34,-0.36,0.54,7.74,7.64,7.14,6.14,4.74,3.84,3.14,2.54,2.34,1.74,1.64,1.24,0.74,0.14,-1.56,-1.86,-2.76,-2.56,-3.06,-2.56,-3.16,-3.36,-3.96,-4.06,-4.26,-4.46,-4.76,-5.16
8.24,8.84,9.14,9.64,10.14,8.84,8.64,7.64,6.44,5.64,5.14,2.84,4.74,5.44,4.54,5.44,3.44,1.34,2.44,0.74,3.74,4.74,4.04,5.54,7.74,9.04,10.04,11.24,13.14,13.84,13.74,13.84,6.94,3.64,12.04,14.54,8.54,12.44,4.94,4.54,2.94,2.04,1.14,0.44,0.04,1.24,3.84,1.34,-0.36,0.34,1.74,0.54,0.74,3.24,6.74,7.94,6.84,5.54,4.24,3.54,3.44,3.54,3.64,3.84,3.94,3.94,2.14,-0.36,-1.06,-1.66,-2.06,-2.16,-2.16,-2.26,-2.56,-2.66,-3.06,-3.26,-3.36,-3.66,-3.86,-3.86
9.34,9.64,6.54,10.34,11.64,11.64,11.24,9.14,7.84,6.94,6.24,3.74,-0.16,0.24,1.54,4.54,7.34,9.34,8.04,5.74,4.54,5.24,4.64,5.24,6.24,10.14,13.64,16.74,18.74,19.24,20.74,23.84,26.64,25.64,20.14,21.74,22.34,20.44,17.94,6.24,5.64,4.74,3.34,1.44,-0.36,1.04,0.94,1.44,3.64,3.54,0.44,1.44,1.54,2.04,6.74,6.34,5.24,3.94,3.64,3.44,3.24,3.24,3.34,3.24,3.04,2.74,2.24,1.74,1.24,0.84,0.34,0.04,-0.16,-0.26,-0.46,-0.76,-0.96,-1.06,-1.26,-1.36,-1.46,-1.56
8.04,4.04,3.14,0.84,5.94,7.94,7.24,6.04,5.24,6.44,8.04,9.34,8.64,6.84,5.24,-0.66,1.04,1.34,1.44,2.04,2.54,2.94,3.54,3.84,3.64,5.24,7.44,9.14,10.14,9.84,8.74,8.64,7.94,8.54,10.94,11.64,10.24,5.54,0.64,-1.86,0.54,-0.06,-1.86,-1.46,-4.76,-6.66,-5.66,-4.56,-2.56,-1.56,-0.06,0.24,1.84,3.94,3.94,3.54,2.84,3.14,2.74,2.84,2.84,3.04,2.84,2.64,2.34,2.14,1.94,1.84,1.64,1.24,0.74,0.44,0.14,-0.06,-0.26,-0.56,-0.76,-0.96,-1.16,-1.26,-1.16,-1.16
6.04,1.14,7.54,10.94,9.24,8.24,7.54,8.44,7.34,5.54,5.04,5.64,6.84,8.14,8.54,7.94,5.34,3.44,3.14,2.94,3.34,7.34,8.74,9.24,9.64,9.74,9.84,9.64,10.14,11.04,11.64,11.34,8.04,6.74,8.64,10.74,13.04,13.64,12.64,11.54,10.14,8.34,6.84,3.64,0.54,-0.26,-0.76,-0.96,1.54,1.34,1.24,1.34,1.44,2.04,2.44,2.54,2.54,2.64,2.64,3.14,3.34,3.34,3.44,3.44,3.34,3.14,3.04,2.84,2.74,2.74,2.54,2.34,1.94,1.54,1.34,1.14,0.64,0.24,-0.16,-0.76,-1.26,-1.46
4.54,4.04,3.64,3.54,3.54,3.84,4.14,4.14,3.64,3.44,3.24,2.94,2.34,1.94,2.14,2.24,2.74,4.24,5.24,4.54,3.54,2.54,1.84,1.44,1.24,1.24,3.04,7.74,13.14,12.94,12.34,11.04,10.14,9.24,9.44,11.54,9.84,12.04,11.84,9.64,8.34,7.04,5.54,4.24,3.44,2.84,2.44,2.24,2.24,2.44,2.54,2.54,2.54,2.84,2.94,2.94,2.64,2.34,2.14,2.04,2.04,2.24,2.34,2.64,3.14,3.94,4.44,5.04,5.64,5.84,5.54,4.94,4.34,3.64,2.94,2.24,1.34,0.34,-0.46,-0.86,-0.96,-0.16
2.24,2.44,2.94,2.94,2.54,2.44,2.54,2.84,3.14,3.74,4.14,4.34,4.64,4.74,5.04,5.44,5.84,6.04,6.24,5.64,5.14,4.74,4.14,3.44,2.64,1.84,3.54,3.44,2.44,4.04,7.04,10.04,9.74,6.44,8.44,9.04,8.74,7.94,6.94,6.74,6.94,6.54,6.14,5.44,4.94,4.64,4.24,3.94,3.64,3.14,2.74,2.84,2.74,2.44,2.34,2.34,2.44,2.44,2.44,2.34,2.24,2.34,2.44,2.74,2.24,0.84,1.84,4.04,6.34,8.34,8.84,7.14,5.94,3.74,3.14,2.84,0.54,0.64,0.24,0.84,1.24,0.44
-2.06,-1.26,-0.46,0.14,0.64,0.94,1.44,1.84,2.34,2.64,2.74,3.04,3.44,4.14,4.44,4.54,4.44,4.34,4.34,4.24,4.94,6.74,7.94,8.24,8.04,7.74,3.44,0.54,0.54,0.24,0.74,1.44,5.64,6.44,7.24,6.14,7.64,9.14,9.24,8.84,8.24,7.74,6.14,5.84,6.44,5.14,4.64,4.34,4.04,3.74,3.54,3.34,3.14,2.84,2.74,2.64,2.44,2.34,2.24,2.14,2.14,1.94,1.94,1.74,0.84,-0.36,-0.56,1.64,4.24,5.14,5.94,8.44,6.74,5.44,4.74,4.14,3.64,3.24,2.54,0.94,-0.66,-1.36
-2.96,-2.66,-2.26,-2.16,-2.06,-2.16,-2.16,-2.06,-1.76,-1.26,-0.86,-0.26,0.54,1.14,1.84,2.54,3.44,3.84,3.74,3.64,4.14,4.14,3.54,3.44,4.04,4.84,5.04,5.04,4.74,3.94,4.44,4.84,3.84,8.44,5.34,3.44,6.74,7.14,7.64,7.54,7.24,6.74,6.34,6.04,5.84,5.64,5.34,5.14,4.84,4.54,4.34,4.14,3.94,4.44,4.94,4.74,4.04,3.64,3.64,3.34,2.54,1.84,1.74,1.94,1.34,-0.76,-2.06,-2.26,-2.26,-1.96,-1.16,1.14,3.84,3.94,4.14,4.44,4.34,4.24,4.04,3.54,2.94,2.34
-5.06,-4.56,-4.06,-3.56,-3.06,-2.26,-1.56,-1.36,-1.76,-1.86,-2.06,-2.16,-2.16,-1.66,-1.16,-0.66,-0.56,-0.36,0.14,0.74,1.54,2.14,2.44,2.64,3.14,3.74,4.44,4.74,4.74,4.64,4.44,4.04,4.14,4.94,5.34,5.64,5.84,5.94,6.04,6.04,5.84,5.14,4.44,4.44,4.84,5.24,5.24,5.04,4.84,4.64,4.64,4.44,4.04,3.84,3.94,3.94,3.64,3.14,2.64,2.34,1.64,0.54,-0.26,-0.16,0.54,1.64,2.14,2.24,2.04,2.44,2.74,3.04,3.54,3.04,0.94,1.34,2.64,2.04,0.94,1.14,0.84,1.14
-6.76,-7.06,-7.36,-7.46,-7.56,-7.36,-6.86,-5.96,-4.96,-4.06,-3.06,-2.26,-1.76,-1.56,-1.36,-1.16,-0.86,-0.46,-0.16,0.14,0.74,1.34,1.94,2.24,2.54,2.94,3.54,3.94,4.14,4.34,4.54,4.54,4.54,4.64,4.54,4.54,4.34,4.34,4.24,3.94,3.64,3.54,3.44,3.44,3.44,3.44,3.54,3.64,3.64,3.64,3.64,3.54,3.44,3.14,2.94,2.54,2.24,1.94,1.64,1.34,0.84,0.94,1.84,2.44,4.54,7.04,8.34,8.84,7.54,5.14,3.44,2.44,1.44,1.84,3.34,3.84,3.84,4.14,4.64,5.24,5.04,4.64
-5.16,-5.46,-5.56,-5.66,-5.96,-6.26,-6.26,-5.96,-5.86,-5.76,-5.16,-4.06,-3.16,-2.36,-1.76,-1.16,-0.66,-0.26,0.14,0.64,1.24,2.14,2.94,3.44,3.74,4.04,4.54,4.94,5.24,5.34,5.24,5.14,5.04,5.04,5.14,5.34,5.44,5.34,5.34,5.24,5.04,4.54,4.24,4.44,4.54,4.74,4.84,5.14,5.14,4.74,3.84,3.04,3.64,3.94,3.54,2.64,1.84,2.44,2.64,2.74,2.84,2.74,2.94,3.54,5.24,7.04,9.24,10.04,6.64,3.94,4.04,3.44,3.44,2.64,2.64,2.44,1.84,1.34,1.34,1.34,1.54,1.64
-2.96,-2.86,-2.76,-2.46,-2.26,-2.26,-2.36,-2.06,-1.56,-1.16,-1.06,-1.06,-1.16,-1.26,-1.16,-0.96,-0.56,0.34,1.24,2.04,2.74,3.44,3.94,4.14,4.74,5.44,6.44,7.44,8.44,8.94,8.94,8.64,8.34,8.04,7.84,7.54,7.04,6.44,5.74,5.14,4.84,4.64,4.34,4.04,4.74,5.74,6.84,7.54,7.84,6.84,5.34,3.34,2.14,1.84,1.64,1.04,0.34,-0.36,-1.26,-2.76,-2.66,-1.66,-0.06,1.64,3.04,3.94,3.94,2.84,1.34,0.84,0.94,0.84,0.44,0.24,0.24,0.24,0.24,0.04,-0.06,-0.16,-0.16,-0.16
0.64,1.44,2.24,3.14,3.74,4.44,5.14,5.44,5.44,5.44,5.44,5.64,5.94,6.24,5.94,5.34,3.94,2.74,1.74,1.04,1.24,1.64,2.24,2.94,3.84,5.14,6.44,7.54,8.34,8.34,7.94,7.74,7.64,7.54,7.34,7.14,6.74,6.54,6.34,6.14,5.64,5.14,4.54,3.94,3.24,2.44,1.44,1.74,1.74,1.94,2.34,3.54,4.64,5.44,4.64,4.04,3.74,3.54,3.64,3.54,3.44,3.34,3.34,3.24,3.14,3.04,3.04,2.74,2.44,2.04,1.54,1.04,0.44,-0.06,-0.56,-0.76,-0.86,-0.86,-0.66,-0.66,-0.66,-0.66
3.74,3.84,3.94,4.04,4.14,4.34,4.54,4.74,4.94,5.14,5.34,5.64,5.84,6.14,6.24,6.34,6.04,5.74,5.34,4.94,4.44,4.04,3.74,3.54,3.54,3.64,3.84,4.14,4.34,4.44,4.54,4.74,4.84,5.04,5.14,5.34,5.54,5.64,5.54,5.24,4.84,4.44,4.04,3.74,3.94,4.34,4.74,5.14,5.54,5.94,6.14,6.24,6.34,6.44,6.54,6.64,6.64,6.54,6.24,5.94,5.44,4.94,4.44,4.04,3.64,3.24,3.04,2.84,2.64,2.44,2.34,2.24,2.04,1.94,1.74,1.54,1.34,1.04,0.84,0.54,0.34,0.04
5.54,5.54,5.54,5.64,5.64,5.64,5.64,5.64,5.64,5.64,5.64,5.74,5.74,5.84,5.94,6.04,6.24,6.34,6.44,6.54,6.64,6.64,6.74,6.74,6.74,6.74,6.64,6.54,6.34,6.14,5.84,5.74,5.54,5.44,5.34,5.34,5.34,5.54,5.64,5.74,5.84,5.84,5.94,5.94,6.04,6.04,6.14,6.04,6.04,6.04,6.04,6.04,6.04,6.04,6.04,6.14,6.14,6.24,6.24,6.34,6.24,6.14,5.94,5.84,5.54,5.34,5.04,4.74,4.54,4.24,4.04,3.74,3.54,3.34,3.04,2.84,2.64,2.34,2.04,1.74,1.44,1.14
6.14,6.04,6.04,6.04,5.94,5.94,5.94,6.04,6.04,6.14,6.24,6.34,6.44,6.44,6.44,6.44,6.44,6.44,6.34,6.24,6.24,6.14,6.14,6.04,6.04,5.94,5.94,5.94,5.84,5.74,5.74,5.64,5.54,5.44,5.34,5.24,5.14,5.04,4.84,4.74,4.74,4.64,4.44,4.34,4.24,4.14,4.04,3.94,3.94,3.84,3.84,3.74,3.74,3.64,3.64,3.64,3.64,3.64,3.54,3.54,3.54,3.54,3.54,3.64,3.64,3.54,3.64,3.64,3.64,3.54,3.54,3.54,3.44,3.34,3.24,3.14,3.04,2.94,2.74,2.64,2.44,2.14
4.84,4.84,4.74,4.74,4.74,4.74,4.64,4.64,4.64,4.64,4.54,4.54,4.54,4.54,4.54,4.44,4.44,4.44,4.44,4.34,4.34,4.34,4.24,4.24,4.24,4.24,4.14,4.14,4.04,4.04,3.94,3.84,3.84,3.74,3.74,3.64,3.64,3.54,3.44,3.44,3.34,3.24,3.24,3.14,3.04,2.94,2.94,2.84,2.74,2.64,2.54,2.54,2.44,2.34,2.24,2.14,2.04,2.04,1.94,1.84,1.74,1.64,1.54,1.44,1.34,1.24,1.24,1.14,1.04,0.94,0.84,0.74,0.64,0.64,0.54,0.44,0.34,0.24,0.24,0.14,0.04,0.04
