gfs.json
{"header": {"discipline": 0, "disciplineName": "Meteorological products", "gribEdition": 2, "center": "kwbc", "centerName": "US National Weather Service - NCEP(WMC)", "subcenter": 0, "refTime": "2026-04-13T06:00:00.000Z", "significanceOfRT": 1, "significanceOfRTName": "Start of forecast", "productStatus": 0, "productStatusName": "Operational products", "productType": 1, "productTypeName": "Forecast products", "productDefinitionTemplate": 0, "productDefinitionTemplateName": "Analysis/forecast at horizontal level/layer at a point in time", "parameterCategory": 2, "parameterCategoryName": "Momentum", "parameterNumber": 3, "parameterNumberName": "V-component_of_wind", "parameterUnit": "m.s-1", "genProcessType": 2, "genProcessTypeName": "Forecast", "forecastTime": 0, "surface1Type": "sfc", "surface1TypeName": "Unknown", "surface1Value": 10, "surface2Type": 255, "surface2TypeName": "Missing", "surface2Value": 0, "gridDefinitionTemplate": 0, "gridDefinitionTemplateName": "Latitude_Longitude", "numberPoints": 65160, "shape": 6, "shapeName": "Earth spherical with radius of 6,371,229.0 m", "gridUnits": "degrees", "resolution": 48, "winds": "true", "scanMode": 0, "nx": 360, "ny": 181, "basicAngle": 0, "subDivisions": 0, "lo1": 0.0, "la1": 90.0, "lo2": 359.0, "la2": -90.0, "dx": 1.0, "dy": 1.0}, "data":
[rows 0 to 35 of 181, columns 243 to 323 of 360]
2.23,2.13,2.13,2.13,2.13,2.03,2.03,2.03,2.03,1.93,1.93,1.93,1.83,1.83,1.83,1.73,1.73,1.73,1.63,1.63,1.63,1.53,1.53,1.53,1.43,1.43,1.43,1.33,1.33,1.23,1.23,1.23,1.13,1.13,1.03,1.03,1.03,0.93,0.93,0.83,0.83,0.73,0.73,0.73,0.63,0.63,0.53,0.53,0.43,0.43,0.33,0.33,0.33,0.23,0.23,0.13,0.13,0.03,0.03,-0.07,-0.07,-0.07,-0.17,-0.17,-0.27,-0.27,-0.37,-0.37,-0.47,-0.47,-0.47,-0.57,-0.57,-0.67,-0.67,-0.77,-0.77,-0.87,-0.87,-0.87,-0.97
0.83,0.93,0.93,1.03,1.13,1.13,1.23,1.23,1.33,1.33,1.43,1.43,1.43,1.53,1.53,1.53,1.53,1.53,1.53,1.63,1.63,1.63,1.73,1.73,1.83,1.83,1.93,1.93,1.93,2.03,2.03,2.13,2.13,2.23,2.23,2.33,2.33,2.33,2.43,2.43,2.43,2.43,2.43,2.43,2.43,2.43,2.43,2.43,2.43,2.43,2.33,2.33,2.33,2.33,2.33,2.33,2.23,2.23,2.23,2.23,2.23,2.13,2.13,2.13,2.13,2.03,2.03,2.03,2.03,2.03,1.93,1.93,1.93,1.83,1.83,1.83,1.73,1.73,1.73,1.63,1.63
0.43,0.43,0.43,0.53,0.53,0.53,0.63,0.63,0.73,0.83,0.93,1.03,1.13,1.33,1.43,1.53,1.63,1.73,1.83,1.93,2.03,2.03,2.03,2.13,2.13,2.13,2.23,2.23,2.23,2.33,2.33,2.33,2.33,2.33,2.33,2.33,2.33,2.33,2.23,2.23,2.23,2.23,2.23,2.13,2.13,2.03,2.03,1.93,1.83,1.83,1.73,1.73,1.63,1.53,1.43,1.43,1.43,1.43,1.43,1.33,1.43,1.33,1.33,1.33,1.33,1.43,1.43,1.43,1.53,1.53,1.53,1.53,1.53,1.53,1.53,1.53,1.53,1.53,1.53,1.53,1.53
-0.17,-0.17,-0.27,-0.27,-0.27,-0.17,-0.07,0.03,0.13,0.23,0.33,0.43,0.53,0.63,0.73,0.83,0.93,0.93,1.03,1.03,0.93,0.93,0.83,0.73,0.63,0.53,0.43,0.33,0.33,0.23,0.13,0.03,-0.07,-0.27,-0.37,-0.57,-0.77,-0.87,-0.97,-0.97,-0.97,-0.97,-0.87,-0.87,-0.87,-0.87,-0.77,-0.77,-0.77,-0.67,-0.67,-0.77,-0.77,-0.67,-0.57,-0.37,-0.27,-0.17,-0.07,0.03,0.03,0.13,0.13,0.23,0.23,0.23,0.33,0.43,0.53,0.53,0.63,0.63,0.63,0.63,0.63,0.63,0.63,0.53,0.53,0.43,0.43
-1.07,-1.17,-1.17,-1.17,-1.17,-1.17,-1.27,-1.17,-1.07,-0.97,-0.77,-0.57,-0.37,-0.37,-0.37,-0.37,-0.47,-0.57,-0.57,-0.67,-0.87,-0.97,-1.17,-1.17,-1.37,-1.47,-1.67,-1.87,-1.97,-2.07,-1.97,-1.97,-1.87,-1.77,-1.77,-1.77,-1.77,-1.77,-1.77,-1.77,-1.77,-1.67,-1.57,-1.47,-1.37,-1.27,-1.17,-1.07,-0.97,-0.87,-0.77,-0.67,-0.57,-0.37,-0.17,0.03,0.13,0.43,0.63,0.93,1.03,1.13,1.23,1.33,1.53,1.53,1.63,1.63,1.73,1.83,1.93,2.03,2.13,2.13,2.33,2.23,2.23,2.13,2.13,2.03,1.93
-1.57,-1.67,-1.67,-1.67,-1.67,-1.67,-1.57,-1.37,-1.27,-1.27,-1.17,-1.17,-1.07,-0.97,-0.87,-0.77,-0.87,-1.07,-1.37,-1.77,-1.97,-2.07,-1.97,-2.07,-2.07,-2.17,-2.17,-2.17,-2.17,-2.17,-2.07,-1.97,-1.87,-1.77,-1.67,-1.67,-1.67,-1.67,-1.57,-1.47,-1.27,-0.97,-0.37,0.33,1.03,1.43,1.83,1.83,1.83,1.93,2.23,2.43,2.43,2.53,2.53,2.53,2.33,2.33,2.53,2.63,2.83,2.93,2.93,2.83,2.73,2.53,2.53,2.63,2.63,2.53,2.63,2.53,2.33,2.23,2.23,2.13,1.93,1.73,1.53,1.33,1.23
-1.57,-1.57,-1.67,-1.47,-1.07,-0.57,-0.27,-0.07,-0.17,-0.27,-0.57,-0.77,-0.97,-1.27,-1.57,-1.67,-1.67,-1.67,-1.57,-1.57,-1.57,-1.57,-1.57,-1.57,-1.57,-1.57,-1.57,-1.57,-1.47,-1.07,-0.57,-0.17,0.03,0.23,0.43,0.73,0.83,0.93,0.93,1.13,1.43,1.63,1.73,1.83,1.93,2.03,2.13,2.13,2.13,2.13,2.13,2.13,2.03,1.63,1.33,1.03,0.63,0.43,0.43,0.33,0.53,1.03,1.73,2.33,2.93,3.83,4.13,4.13,4.33,4.33,4.13,3.73,3.33,3.13,2.93,2.53,2.23,1.83,1.33,1.03,0.83
-0.57,-0.47,-0.57,-0.67,-0.67,-0.67,-0.67,-0.67,-0.57,-0.57,-0.47,-0.37,-0.27,-0.17,-0.07,0.03,0.23,0.33,0.43,0.43,0.43,0.53,0.63,0.63,0.63,0.93,1.23,1.33,1.23,1.03,1.03,1.63,2.23,2.83,3.03,3.13,3.43,3.43,3.33,3.43,3.03,2.93,2.73,3.13,3.43,2.93,3.03,2.83,2.23,1.13,0.93,-0.37,-0.87,-1.07,-1.07,-0.67,-0.37,0.03,0.63,0.73,1.43,2.93,3.43,3.43,3.03,2.03,2.13,2.73,3.23,3.33,3.33,3.03,1.43,1.33,2.83,2.33,2.83,3.53,3.63,1.83,0.63
-1.57,-1.47,-1.37,-1.27,-1.27,-1.17,-0.97,-0.77,-0.57,-0.27,0.13,0.43,0.73,0.93,1.23,1.23,1.13,1.03,0.83,0.63,0.83,1.33,2.13,2.43,2.73,2.83,2.43,2.93,2.33,1.63,2.13,1.33,-0.07,-0.17,0.23,0.63,1.03,1.03,0.63,0.33,0.73,1.43,1.53,-0.17,-2.37,-2.37,-2.07,-1.27,-1.07,-0.47,-0.47,-0.77,-0.47,-1.27,-0.77,2.33,4.73,5.33,4.43,3.13,2.83,1.73,-0.27,0.23,0.63,0.73,-0.07,1.83,2.43,1.93,1.43,0.13,0.63,2.73,3.23,3.53,3.73,3.83,3.83,3.43,2.53
-1.87,-1.97,-2.17,-2.17,-1.97,-1.57,-1.37,-1.37,-1.37,-1.17,-1.07,-0.77,-0.47,0.03,0.83,1.23,1.63,2.03,2.33,2.43,2.33,2.03,1.23,2.13,2.33,1.83,1.33,0.23,0.03,0.43,0.03,0.93,1.03,-0.27,-1.97,-2.57,-2.07,-1.87,-3.27,-3.17,-2.37,-1.37,0.53,3.83,3.43,3.13,3.13,3.03,1.13,-1.27,-1.97,-1.87,0.23,3.43,3.23,1.33,1.73,0.73,1.63,4.53,5.93,6.53,6.03,6.13,6.53,7.23,6.43,5.13,4.93,5.73,6.43,7.13,6.93,5.73,5.53,5.33,4.43,3.13,2.33,1.93,2.03
-2.67,-2.67,-2.57,-2.37,-2.27,-2.47,-2.37,-2.17,-1.67,-1.07,-0.17,0.93,2.43,3.33,2.83,3.13,2.93,2.53,2.73,2.43,1.53,0.93,1.13,0.43,1.63,2.93,2.23,0.83,0.73,1.23,0.53,-0.77,-0.97,0.53,1.83,1.03,0.23,0.03,-1.77,-2.57,-2.77,-3.37,-3.97,-3.57,-2.17,-0.57,-1.27,-2.37,-1.97,-2.27,-1.57,-2.77,-3.67,-2.57,-0.77,1.73,2.93,4.33,4.73,4.53,5.03,5.73,5.23,4.83,5.23,5.83,6.03,6.13,6.13,6.03,5.93,5.63,5.43,5.03,4.63,3.93,3.33,2.83,2.43,2.13,1.73
-1.47,-1.07,-0.77,-0.67,-0.37,-0.07,0.03,0.63,1.23,2.03,2.33,2.23,1.53,2.13,3.73,3.23,2.43,2.13,2.53,2.03,2.03,1.83,1.53,1.03,1.03,2.53,2.63,1.83,-0.47,-0.87,-1.27,-0.47,0.73,-0.07,-2.17,-2.07,0.83,2.83,2.83,3.73,2.83,1.03,-0.77,-2.67,-2.97,-2.67,-1.87,-0.77,1.13,2.83,3.13,2.83,2.93,3.33,3.93,4.73,5.43,5.83,5.93,6.03,6.03,6.23,6.33,6.33,6.43,6.33,6.23,6.13,6.03,5.83,5.73,5.53,5.23,4.83,4.43,3.73,3.23,2.83,2.23,1.63,1.23
-1.07,-0.67,0.63,1.43,1.53,2.23,1.33,0.83,0.53,0.63,0.73,0.93,1.13,1.03,1.13,1.53,0.93,1.13,1.13,1.23,1.13,0.63,0.23,0.43,0.23,-0.27,-1.47,-1.27,-1.37,-0.17,-1.07,-1.47,-0.37,-0.87,-1.27,0.43,-0.07,-1.57,-1.57,-3.17,-2.57,-3.67,-5.57,-5.67,-2.37,-2.67,-2.87,-3.07,-1.47,-1.27,-2.27,-1.77,-0.17,1.63,2.93,4.13,4.93,5.53,5.73,5.83,5.93,5.93,5.93,5.93,5.93,5.93,6.03,6.03,5.83,5.73,5.63,5.43,5.23,4.83,4.23,3.73,3.33,2.93,2.43,2.13,1.83
-0.57,-1.27,-1.47,-1.37,0.53,0.33,0.83,1.53,1.43,1.03,0.53,0.53,0.53,1.23,0.33,-0.37,-0.27,0.13,-0.17,-0.27,-0.17,1.03,0.63,0.03,-1.67,-0.37,-0.27,-0.57,1.03,1.53,1.33,1.63,1.53,0.23,-0.37,1.23,1.53,1.33,1.33,0.53,-3.77,0.73,0.73,-1.17,-1.07,-2.87,-0.37,-1.97,-0.37,0.93,1.73,3.03,2.83,3.63,1.73,0.23,-0.57,-0.77,-0.07,0.63,1.33,2.13,2.83,3.43,3.93,4.33,4.73,5.03,5.33,5.53,5.53,5.53,5.33,4.93,4.63,4.33,4.03,3.53,3.13,2.83,2.53
0.93,1.33,2.13,2.33,2.13,0.73,1.13,2.03,1.13,1.83,1.13,1.83,0.43,-0.17,-0.57,0.93,0.73,0.83,0.13,-0.37,-0.97,-0.57,-2.17,1.13,1.93,-0.77,-0.27,1.23,-0.47,-1.37,-1.17,-0.07,2.53,1.83,0.13,1.03,0.63,1.03,1.43,1.83,1.63,1.23,1.03,0.73,0.73,0.63,0.43,-0.27,-0.67,-1.37,-2.47,-0.47,-1.77,-1.07,-0.87,-0.97,-1.87,-3.27,-2.07,-1.47,-0.97,1.23,2.23,2.73,3.23,3.53,3.83,4.33,4.63,4.73,4.93,4.93,5.13,5.33,5.23,4.83,4.53,4.23,3.83,3.43,3.13
0.33,-1.17,-2.37,-1.57,0.13,1.03,1.23,-0.27,-1.37,-0.97,-1.67,-1.77,-1.17,-1.47,0.43,2.93,3.03,1.23,-0.87,0.13,0.93,-0.17,-1.07,-0.67,-1.97,-1.57,-2.37,-1.77,-2.87,-0.67,0.63,0.83,-1.17,-2.97,-2.17,-3.47,-2.27,-0.77,0.63,1.53,1.33,1.03,0.93,0.53,-0.07,-0.57,-0.97,-1.07,-1.17,-1.17,-0.97,-0.97,-1.07,-1.07,-1.27,-1.37,-1.57,-1.77,-2.07,-1.27,-1.77,-0.97,-0.27,1.53,3.13,3.73,4.13,4.23,4.13,4.33,4.53,4.63,4.63,4.63,4.73,4.53,4.23,3.93,3.73,3.53,3.43
2.63,2.23,1.93,1.63,1.03,0.43,-0.17,-0.27,-0.47,-0.37,0.03,0.63,2.83,3.43,2.63,2.43,1.93,1.53,1.33,0.03,-0.57,-0.77,0.13,-1.17,-0.27,1.63,1.03,-2.47,-2.17,-1.97,-0.77,0.23,-1.37,-2.37,-1.67,-1.17,-1.17,-1.07,-0.67,0.33,0.93,1.03,0.93,0.93,0.73,0.53,-0.07,-0.77,-1.17,-1.47,-1.77,-1.97,-2.07,-1.97,-1.67,-1.67,-1.97,-1.87,-2.27,-2.67,-1.97,-0.57,-0.07,2.13,3.33,3.73,4.13,4.33,4.43,4.33,4.33,4.23,4.13,4.23,4.23,4.13,3.73,3.83,3.73,3.63,3.53
-0.37,2.03,1.23,-0.17,1.93,1.63,1.13,1.13,-0.17,1.13,3.13,3.13,1.33,1.43,0.73,-0.17,-1.27,-1.77,-2.67,-2.87,-3.67,-2.37,-2.77,-5.07,-4.27,-4.57,-4.47,-3.17,-0.77,-1.77,-2.87,-4.47,2.03,0.63,-0.87,-1.97,-0.57,-1.37,-2.77,-4.37,-1.67,0.63,0.93,0.63,0.43,0.23,0.23,0.03,-0.37,-1.07,-1.47,-1.77,-2.17,-2.37,-2.37,-2.27,-2.17,-2.27,-2.47,-2.37,-1.77,0.83,-1.47,-1.37,1.93,4.13,5.03,5.33,5.33,5.03,4.33,4.03,3.73,3.63,3.53,3.63,3.53,3.23,3.03,2.63,1.73
1.63,2.23,2.33,2.83,1.63,2.33,0.33,-1.67,-2.97,1.13,0.43,0.13,-0.57,-1.17,-1.77,-2.57,-3.07,-3.17,-3.77,-3.87,-4.57,-5.47,-2.67,-5.87,-4.27,-4.07,-4.17,-2.77,-2.97,-3.07,-3.77,-3.77,-2.17,-2.57,-2.67,-3.77,-1.87,1.73,1.33,-1.27,-0.27,-1.77,2.53,-0.17,0.43,0.63,0.83,0.93,0.53,-0.17,-0.77,-1.37,-1.87,-2.07,-2.37,-2.47,-2.47,-2.57,-2.87,-3.07,-4.07,-1.27,0.13,-1.67,-2.97,-0.87,-0.17,-0.17,1.63,2.83,2.73,2.33,2.33,2.23,2.23,2.03,1.93,1.73,1.13,-0.17,-1.97
2.73,1.73,0.53,-1.17,-0.87,-1.37,-2.07,-2.67,-1.67,0.93,0.43,-1.37,-1.97,-2.57,-2.97,-3.77,-4.07,-4.57,-5.17,-5.57,-5.27,-4.27,-3.77,-4.47,-4.87,-4.97,-4.67,-4.47,-3.87,-2.97,-2.97,-3.17,-2.97,-2.27,-0.67,-0.17,-0.17,0.13,-0.57,-1.27,-1.37,-1.97,-1.07,-0.97,0.93,0.83,1.63,-0.77,0.53,0.63,-0.57,-1.37,-1.87,-2.07,-2.27,-2.37,-2.47,-2.47,-2.87,-2.87,-3.77,-0.87,-0.27,-0.27,-1.67,-0.17,-1.87,1.13,2.03,2.03,2.43,2.13,1.83,1.43,1.33,1.43,1.43,1.23,0.83,0.03,-1.27
2.93,3.13,1.93,1.13,0.93,0.13,-0.47,-0.67,-0.97,-0.57,-1.77,-2.47,-3.47,-4.07,-4.77,-4.87,-5.07,-5.17,-5.27,-6.57,-6.27,-5.67,-5.97,-6.17,-6.47,-6.77,-6.17,-5.77,-4.97,-4.37,-3.37,-2.47,-1.67,-0.77,0.13,1.53,2.13,2.03,2.93,3.53,2.83,3.23,2.63,3.63,1.43,0.03,-1.17,-0.37,0.73,0.53,-1.07,-1.67,-1.87,-2.07,-2.07,-2.07,-2.47,-2.77,-2.87,-2.47,-2.57,-0.97,0.73,-0.97,1.53,-2.67,-2.17,-0.07,1.13,2.43,2.23,2.03,2.03,1.73,1.43,1.33,1.23,1.23,0.63,-0.67,-2.47
2.93,1.63,0.33,-0.47,-0.27,-0.67,-1.47,-1.27,-1.77,-2.57,-2.57,-1.37,-3.07,-4.27,-4.97,-4.47,-4.97,-5.17,-4.97,-5.27,-5.97,-6.37,-6.07,-6.27,-6.47,-6.57,-5.87,-2.77,-2.37,-2.77,-1.77,-1.37,-0.77,0.63,1.33,1.93,2.73,3.23,3.63,3.33,3.33,2.93,2.33,2.63,2.73,0.33,-0.77,-0.77,-2.07,-1.67,-1.27,-1.67,-1.57,-1.47,-1.87,-2.47,-3.07,-3.67,-4.17,-0.47,2.43,1.73,-0.87,-0.77,-0.57,0.93,1.23,2.03,2.83,3.33,2.73,3.13,2.93,2.83,2.53,1.73,1.33,1.03,0.13,-1.67,-3.17
-0.27,-0.57,-0.77,0.43,0.33,-0.07,-0.37,0.03,-1.67,-1.07,-0.97,-2.07,-2.07,-2.37,-3.47,-4.07,-4.47,-4.97,-6.07,-5.87,-6.47,-7.87,-7.37,-6.47,-5.07,-5.57,-2.77,-1.37,-1.27,-1.87,-0.97,0.83,1.43,1.43,1.93,2.53,3.73,3.63,3.53,3.03,3.43,3.63,3.93,2.73,3.33,2.83,2.13,-0.27,-0.27,1.13,0.83,1.93,1.13,-0.37,-0.47,-0.47,-0.37,0.23,0.63,0.93,0.83,-0.27,-1.67,-2.27,1.03,0.93,1.43,-0.37,1.33,2.93,3.73,4.53,4.23,3.33,2.73,1.43,-1.07,-2.47,-2.17,-1.67,-1.37
1.13,1.73,1.83,1.03,1.03,0.43,-0.67,-1.37,-0.67,-2.17,-1.57,-3.17,-3.17,-2.77,-3.67,-3.47,-4.17,-4.37,-4.17,-4.17,-5.47,-6.47,-2.97,-6.77,-7.07,-0.87,0.33,0.03,-1.77,-1.97,-2.67,-0.07,-0.87,1.83,2.33,1.63,2.23,4.53,3.83,4.63,4.73,4.23,3.93,3.33,2.23,2.53,2.23,1.73,-0.47,-1.47,-0.97,-1.17,0.93,0.23,2.03,2.33,-1.67,-1.77,-1.67,-1.77,-1.97,-2.57,-3.27,-4.37,-1.67,-1.07,-0.37,0.03,0.43,3.33,3.73,4.63,4.13,2.63,-0.67,-4.07,-5.07,-5.87,-4.27,-4.17,-4.17
2.13,1.33,0.53,0.43,0.63,-0.97,-1.37,-1.67,-2.37,-2.67,-3.37,-3.17,-3.67,-4.77,-5.37,-4.57,-4.27,-4.77,-4.67,-4.57,-5.47,-6.87,-2.97,-2.67,-2.17,0.43,-1.37,-2.77,-3.57,-4.37,-5.57,-1.97,0.63,0.33,2.93,1.43,1.73,1.93,3.13,4.03,3.73,3.93,3.33,2.43,2.73,2.83,2.83,3.63,2.63,0.23,0.23,-0.37,-1.87,-1.77,-1.57,-2.47,-1.37,-1.27,-1.27,-1.67,-2.67,-3.17,-4.67,-7.07,-2.37,-3.57,-2.77,-2.67,3.73,3.93,4.83,5.03,4.13,0.33,-4.07,-5.87,-6.47,-5.17,-3.67,-3.67,-4.87
1.63,1.23,0.93,1.23,0.63,0.13,-0.87,-2.17,-2.47,-2.07,-2.27,-2.87,-1.77,-2.07,-1.67,-3.07,-4.07,-4.47,-4.07,-2.97,-3.97,-3.97,-3.67,-3.77,-3.67,-2.77,-3.87,-3.87,-4.67,-4.87,-6.17,2.13,0.43,0.23,0.83,0.83,4.13,5.13,4.53,2.63,4.63,3.53,3.33,4.13,2.13,2.93,4.33,2.43,1.33,2.33,4.23,2.13,1.13,-1.07,-2.57,-0.27,-0.47,-1.07,-1.57,-2.07,-2.67,-3.67,-5.77,-6.77,-6.67,-0.97,-1.87,-0.87,3.83,3.73,5.03,4.23,3.33,0.73,-0.97,-1.37,-2.37,-2.07,-2.57,-2.57,-1.57
0.73,0.43,1.03,0.33,0.43,-0.07,-0.67,-1.27,-1.87,-2.07,-3.07,-3.57,-3.67,-1.17,-1.47,-0.27,-3.17,-2.97,-2.47,-3.47,-2.97,-1.67,-1.57,-2.27,-3.37,-3.97,-4.07,-3.67,-4.37,-3.17,-5.17,1.43,0.53,-2.37,0.13,5.13,4.33,4.03,2.93,2.83,3.53,3.13,3.43,3.73,2.23,5.13,5.93,3.93,1.43,-0.37,1.83,1.83,1.63,1.03,0.33,-0.97,-0.37,-0.67,-1.87,-2.67,-3.77,-5.67,-6.87,-8.07,-9.17,-6.67,-1.67,2.33,1.83,3.03,3.43,2.43,1.03,-1.77,-1.27,-2.17,1.43,-2.87,-4.47,-2.67,-4.07
0.33,0.33,0.33,-0.77,-0.37,-1.07,-2.37,-2.97,-2.17,-1.97,-2.67,-2.47,-2.17,-2.37,-2.47,-3.47,-5.17,-2.87,-2.97,-2.27,-1.47,-0.87,-2.37,-2.97,-3.47,-4.17,-5.27,-6.67,-6.07,-5.47,-6.37,-1.87,-2.47,1.13,4.33,4.13,2.53,2.73,2.03,2.13,1.93,2.73,1.93,3.73,5.13,3.43,-1.37,1.63,-0.27,3.33,2.03,-2.97,-1.97,-2.57,-0.67,1.93,1.93,0.33,-1.77,-3.97,-5.37,-6.67,-8.17,-9.47,-10.77,-11.97,-7.07,-0.37,-0.97,1.93,2.13,0.83,-0.27,-3.57,-4.77,-2.07,-1.57,-0.37,-2.87,-4.27,-5.07
-0.17,0.63,0.63,-0.77,-2.77,-3.97,-0.27,-0.37,-0.57,-0.97,-1.37,-1.77,-2.37,-1.77,-1.77,-1.67,-1.27,-1.37,-1.97,-1.47,-1.27,-1.87,-2.37,-3.27,-3.57,-5.97,-6.87,-6.47,-6.87,-7.47,-3.77,-3.17,-4.67,2.03,1.23,1.23,1.73,2.13,3.03,3.83,4.13,4.13,7.63,3.83,3.53,4.83,3.33,4.03,3.73,2.93,0.43,-1.57,3.13,2.73,2.43,2.53,2.03,0.83,-1.67,-3.17,-4.97,-6.67,-8.17,-9.67,-10.77,-11.87,-11.57,-6.27,-1.47,-1.67,-0.77,-0.67,-2.17,-2.27,-2.27,-0.57,-4.17,-3.87,-3.67,-3.57,-5.97
0.23,-1.37,-2.07,-1.57,-1.67,-0.97,-0.97,-1.07,-0.97,-1.17,-0.97,-1.57,-1.97,-2.37,-2.47,-2.77,-1.97,-1.77,-2.17,-1.97,-2.17,-2.87,-4.27,-4.57,-6.47,-7.07,-7.27,-7.17,-7.77,-7.17,-4.47,-6.27,-1.07,-1.37,-0.87,-0.57,0.23,1.83,3.33,6.63,3.73,5.13,6.33,5.73,4.03,5.83,6.33,4.43,4.13,3.13,3.63,3.03,2.23,2.63,2.23,2.03,2.03,0.73,-1.77,-3.17,-4.97,-6.87,-8.37,-9.77,-10.67,-11.27,-10.57,-9.27,-7.27,-1.87,-3.47,-3.37,-0.17,-1.87,-1.17,-4.47,-0.17,-1.47,-3.07,-4.37,-6.27
-0.27,2.03,0.83,-0.07,-0.87,-0.57,-1.07,-1.27,-1.37,-1.57,-1.97,-1.87,-2.27,-2.07,-2.47,-1.27,-2.77,-2.77,-2.57,-3.17,-3.67,-4.67,-4.87,-6.77,-7.17,-7.07,-7.47,-7.57,-7.37,-5.17,-6.67,-5.37,-3.47,-3.27,-2.87,-1.77,-0.07,3.13,4.03,4.43,5.03,4.83,4.33,3.73,3.63,2.23,1.43,1.93,5.23,4.53,3.33,3.13,0.33,-0.37,1.03,1.63,0.93,1.23,-1.37,-2.97,-4.97,-7.17,-8.87,-9.97,-10.87,-11.37,-10.57,-9.57,-7.97,-6.67,-5.77,-2.87,-0.67,-2.27,-9.47,-1.97,-1.47,-1.97,-3.07,-4.37,-5.57
1.43,0.63,-0.17,-1.47,0.93,0.93,1.23,2.73,2.53,2.73,2.03,0.53,-1.57,-1.17,-1.87,-2.67,-3.27,-3.47,-3.07,-3.27,-2.97,-4.37,-4.87,-4.67,-4.87,-5.57,-6.27,-6.37,-5.67,-7.07,-8.27,-4.67,-5.17,-5.67,-5.77,-2.87,0.03,4.03,5.93,6.83,6.93,7.13,6.93,6.63,6.23,5.23,4.33,0.23,4.43,4.83,2.93,1.33,1.03,2.53,1.13,1.33,0.83,-0.27,-1.17,-3.57,-5.67,-7.77,-9.27,-10.57,-11.57,-11.97,-11.57,-11.27,-9.47,-8.47,-8.37,-6.37,-4.07,-6.37,-1.77,-2.37,-2.47,-3.07,-3.37,-4.47,-5.27
1.73,1.93,1.43,2.03,2.13,1.73,2.23,2.43,1.83,1.43,0.53,1.93,0.93,-0.07,0.83,0.13,0.93,1.43,0.63,0.03,-1.57,-2.57,-3.37,-4.87,-4.97,-5.77,-5.67,-5.67,-7.27,-8.27,-6.77,-6.97,-7.97,-8.07,-4.37,1.93,5.53,8.13,9.43,9.43,8.63,8.13,8.13,7.53,6.83,7.23,5.93,4.23,1.63,4.23,3.93,2.03,0.33,1.13,1.23,0.23,0.83,-0.77,-1.57,-3.77,-6.07,-8.17,-9.97,-11.27,-12.37,-12.37,-13.27,-12.87,-10.67,-10.67,-5.37,-2.97,-2.57,-1.97,-1.27,-2.17,-2.17,-2.67,-3.27,-3.57,-4.17
1.53,1.83,1.43,-1.17,-0.57,1.23,1.13,1.03,0.13,0.13,0.43,-0.37,-0.27,-0.77,-0.87,0.93,0.03,-0.77,-1.07,-0.57,-1.47,-1.47,-2.47,-4.57,-3.67,-4.87,-5.67,-7.57,-8.07,-7.67,-8.17,-9.17,-9.07,-6.17,0.43,4.33,6.83,8.83,9.93,10.83,10.03,9.43,9.13,8.13,6.83,6.63,6.93,5.43,1.43,4.53,2.03,2.73,0.53,0.83,0.43,1.43,1.13,-1.07,-1.97,-3.77,-6.87,-8.67,-10.57,-11.87,-12.97,-13.07,-14.37,-14.47,-5.67,-4.17,-3.27,-4.87,-5.97,-3.77,-3.67,-2.27,-1.67,-2.07,-2.67,-2.77,-2.67
0.73,0.93,1.03,1.03,1.13,1.53,0.13,1.13,1.13,0.63,-0.57,-1.17,-1.27,-0.87,-0.87,-0.67,-0.67,-0.87,-1.07,-1.57,-0.27,-1.27,-1.87,-2.17,-2.67,-4.87,-5.17,-5.17,-7.67,-7.97,-9.27,-9.67,-8.57,-1.17,2.53,4.93,6.73,8.53,9.03,10.03,10.13,10.33,9.23,9.23,9.03,8.13,7.43,6.93,2.33,3.63,3.63,2.13,1.33,0.93,0.63,0.53,0.13,-0.57,-2.27,-2.87,-7.57,-9.27,-11.17,-12.47,-12.97,-14.37,-14.37,-13.87,-7.27,-6.27,-5.77,-5.77,-5.57,-5.57,-5.07,-3.97,-2.37,-1.77,-1.77,-1.77,-1.87
0.93,2.03,1.93,2.03,1.03,0.63,1.53,1.73,1.43,0.13,0.03,-0.27,-0.07,-0.67,-0.87,-0.67,-1.37,-1.27,-1.37,-1.37,0.23,-1.17,-1.07,-2.87,-3.27,-3.47,-4.37,-3.97,-4.57,-8.07,-9.57,-7.67,-2.37,-0.57,2.43,4.03,5.53,7.33,8.73,9.43,9.73,11.53,8.73,10.93,9.93,9.23,9.33,7.53,7.33,6.93,4.43,1.03,1.43,1.23,-0.27,0.33,1.13,0.83,-0.17,-1.37,-3.87,-3.37,-7.87,-11.97,-13.87,-14.47,-14.67,-14.27,-9.37,-10.37,-7.17,-6.97,-6.07,-5.37,-4.27,-4.07,-3.27,-2.27,-1.77,-1.67,-1.47
