gfs.json
{"header": {"discipline": 0, "disciplineName": "Meteorological products", "gribEdition": 2, "center": "kwbc", "centerName": "US National Weather Service - NCEP(WMC)", "subcenter": 0, "refTime": "2026-04-12T18:00:00.000Z", "significanceOfRT": 1, "significanceOfRTName": "Start of forecast", "productStatus": 0, "productStatusName": "Operational products", "productType": 1, "productTypeName": "Forecast products", "productDefinitionTemplate": 0, "productDefinitionTemplateName": "Analysis/forecast at horizontal level/layer at a point in time", "parameterCategory": 2, "parameterCategoryName": "Momentum", "parameterNumber": 2, "parameterNumberName": "U-component_of_wind", "parameterUnit": "m.s-1", "genProcessType": 2, "genProcessTypeName": "Forecast", "forecastTime": 0, "surface1Type": "sfc", "surface1TypeName": "Unknown", "surface1Value": 10, "surface2Type": 255, "surface2TypeName": "Missing", "surface2Value": 0, "gridDefinitionTemplate": 0, "gridDefinitionTemplateName": "Latitude_Longitude", "numberPoints": 65160, "shape": 6, "shapeName": "Earth spherical with radius of 6,371,229.0 m", "gridUnits": "degrees", "resolution": 48, "winds": "true", "scanMode": 0, "nx": 360, "ny": 181, "basicAngle": 0, "subDivisions": 0, "lo1": 0.0, "la1": 90.0, "lo2": 359.0, "la2": -90.0, "dx": 1.0, "dy": 1.0}, "data":
[rows 140 to 174 of 181, columns 237 to 315 of 360]
6.84,7.24,6.54,7.14,6.94,6.74,6.74,7.44,7.44,7.94,8.24,8.64,9.44,10.74,11.04,12.34,13.04,13.64,14.44,15.74,16.64,17.94,19.34,19.94,19.54,18.74,18.84,19.04,19.04,19.04,19.34,19.24,17.24,16.94,13.44,17.14,15.54,15.14,14.64,13.64,13.24,11.94,11.14,10.44,9.54,9.54,8.94,7.24,-2.56,-1.56,3.74,4.04,6.84,9.04,8.84,7.94,2.44,5.84,8.14,5.44,9.24,8.34,8.54,9.24,9.14,8.14,8.04,10.24,13.04,14.94,13.24,10.64,7.54,6.84,7.44,6.54,6.34,5.94,5.74
10.54,10.34,10.24,9.64,9.44,8.84,9.24,9.04,9.14,10.14,10.44,10.44,12.44,12.44,12.44,12.64,13.54,14.04,14.94,16.54,17.84,18.94,20.24,21.54,20.94,19.54,19.64,18.64,18.84,18.74,19.54,18.84,19.14,17.74,18.24,17.84,17.94,13.54,13.34,13.94,12.94,11.84,11.04,9.64,9.84,9.54,9.24,9.14,5.54,0.44,0.94,3.24,6.54,6.84,7.04,3.84,6.04,8.14,7.94,8.04,10.24,9.84,10.14,10.84,12.24,9.64,9.24,9.34,11.54,11.74,10.44,9.84,8.74,7.14,6.74,7.64,8.14,6.74,6.54
12.94,12.44,12.34,11.84,11.54,10.94,10.54,10.24,11.04,11.74,11.24,12.34,12.64,12.24,11.54,12.74,13.84,14.04,15.14,16.74,17.64,18.94,19.54,19.04,18.04,17.94,18.04,18.14,19.14,18.64,17.04,17.24,16.94,16.84,17.04,17.04,12.84,15.34,11.94,12.84,12.74,11.04,9.84,9.94,9.74,9.44,9.74,10.24,9.84,4.34,0.04,3.64,7.04,5.54,6.54,3.84,6.54,8.84,8.64,9.94,10.94,11.34,9.54,9.04,7.44,11.84,9.54,10.34,8.64,10.74,10.44,8.54,7.84,6.24,6.04,6.34,6.44,6.54,5.74
14.34,13.84,13.74,13.74,12.74,11.94,11.44,11.84,11.84,11.74,12.24,13.24,13.24,11.34,12.24,12.64,12.64,14.84,16.04,16.74,17.14,17.34,16.54,16.04,14.74,15.44,16.24,15.44,13.34,12.74,12.54,15.04,15.24,15.04,16.74,16.94,13.84,15.24,13.34,11.94,11.64,10.84,10.14,9.64,9.54,9.84,10.24,10.24,10.64,11.34,0.54,2.34,5.84,5.74,7.14,8.24,8.94,10.84,11.14,11.94,11.34,12.04,11.34,10.74,11.14,12.44,10.44,9.34,9.94,5.34,4.74,6.64,5.34,4.54,3.74,4.74,4.74,4.34,5.44
15.54,14.94,15.34,14.84,13.34,12.14,11.84,12.54,12.74,11.94,13.04,13.54,13.14,12.24,12.24,13.34,14.44,15.04,15.14,14.74,14.34,13.74,14.14,13.14,13.64,15.84,15.74,15.04,15.74,15.84,15.54,16.74,16.84,17.64,16.64,16.94,16.04,13.24,13.54,12.44,10.94,10.54,9.94,9.34,9.44,9.84,9.94,10.24,10.94,12.04,8.44,-0.36,-2.06,2.64,5.44,7.24,10.44,12.64,11.84,11.74,11.24,11.84,11.34,10.04,10.04,9.84,10.04,8.54,9.64,4.74,3.64,1.44,4.64,3.14,2.84,3.64,4.64,3.74,4.14
15.34,15.74,15.24,14.74,11.54,11.04,11.74,12.54,13.44,12.34,12.84,13.14,13.24,12.54,11.54,12.84,13.54,12.44,12.64,13.14,13.74,14.94,16.34,15.14,15.14,15.14,15.44,17.34,17.24,17.34,18.44,18.84,18.84,19.74,20.34,18.94,15.34,12.94,13.04,9.04,10.64,10.14,9.04,8.74,9.04,9.34,9.54,9.34,9.84,11.04,12.24,10.14,-0.16,-2.76,-1.46,0.54,4.44,4.34,6.74,10.84,11.74,11.64,11.74,11.44,11.54,9.74,9.34,7.54,7.64,5.84,4.14,2.54,0.04,4.04,2.74,2.54,2.84,2.94,3.44
14.74,14.64,14.64,14.14,12.44,9.94,11.34,12.34,13.04,12.34,12.34,13.04,12.64,10.94,12.94,11.74,11.04,11.74,12.24,12.84,14.34,15.14,15.84,14.94,14.04,14.84,15.14,17.34,16.84,17.64,18.84,20.54,22.54,21.24,17.24,12.54,11.64,10.84,11.84,7.54,8.04,7.34,7.34,7.34,8.04,8.04,8.24,9.14,9.94,10.64,11.74,12.14,13.04,8.24,7.44,-0.56,1.84,2.14,2.94,3.24,4.34,5.34,5.94,6.74,9.04,7.64,5.44,5.14,4.84,4.94,4.44,0.24,-0.06,1.84,3.34,1.94,2.74,2.24,2.74
14.34,13.54,13.24,12.94,12.64,8.54,10.84,12.04,12.14,11.34,12.14,12.74,11.44,10.74,10.74,9.44,9.74,10.44,10.84,11.54,10.94,8.84,7.04,10.64,12.54,13.14,14.54,15.74,16.84,18.14,20.94,23.84,11.84,8.24,5.24,6.84,7.84,9.94,7.64,5.14,5.94,5.74,6.34,6.44,6.74,6.54,8.14,8.14,9.94,10.34,10.24,11.24,11.24,11.44,9.74,9.54,8.44,6.34,6.14,6.64,6.24,4.84,4.44,4.64,3.84,3.94,2.44,-0.56,1.34,2.74,1.84,1.44,2.14,1.74,2.64,3.64,3.34,2.14,0.14
14.44,13.64,11.14,11.44,6.94,8.44,10.24,11.04,11.94,10.74,12.04,11.24,9.94,10.44,10.14,8.54,8.54,9.44,8.94,9.04,8.44,6.14,4.24,7.14,10.14,13.14,16.34,16.54,15.14,14.94,14.44,2.64,6.94,4.64,6.84,8.54,7.14,5.44,2.64,5.14,4.64,3.14,4.04,4.54,5.04,6.24,7.94,8.84,8.94,9.84,9.84,10.04,10.84,10.04,9.44,8.14,8.24,8.44,9.74,10.14,9.54,6.64,6.64,6.14,4.44,2.74,2.44,1.34,1.94,2.44,1.84,0.54,1.14,2.54,2.44,2.54,4.74,-1.56,-5.26
13.54,12.24,9.24,6.84,5.04,7.74,9.24,11.04,9.84,11.04,9.54,7.94,8.94,8.54,7.54,7.54,7.54,7.44,6.74,6.94,4.84,3.04,3.44,4.04,4.44,4.94,1.94,1.94,2.14,0.94,-4.06,-4.86,-4.86,-5.36,-6.36,-6.56,-7.66,-6.06,-4.76,-3.86,-1.36,0.84,3.04,3.84,5.74,8.34,7.64,8.14,8.74,8.74,8.24,8.94,9.74,9.64,7.04,6.54,6.74,7.04,7.74,7.94,8.44,8.34,8.14,9.14,6.44,6.04,5.24,5.04,5.04,4.74,4.94,4.04,2.14,1.34,2.64,0.34,-2.56,-4.56,-7.66
11.64,9.94,3.54,0.74,4.44,7.04,9.54,9.44,10.44,11.04,7.04,7.94,6.64,6.64,6.54,5.94,6.14,5.34,4.74,4.14,2.54,1.04,1.04,1.04,0.94,-1.56,-3.86,-5.56,-5.86,-6.36,-7.76,-7.16,-4.76,-5.76,-7.26,-6.46,-6.06,-4.26,-1.96,-1.06,1.04,2.74,3.44,2.24,5.14,7.64,7.04,7.34,7.04,7.54,7.34,6.44,4.74,4.44,3.74,3.14,6.54,7.64,7.84,7.04,6.24,6.84,7.44,7.74,7.64,5.14,6.24,6.74,5.34,5.14,5.04,4.74,3.94,2.54,2.14,0.14,-3.56,-4.96,-6.76
9.64,-2.26,-2.86,1.84,4.54,7.34,7.64,9.44,3.44,4.04,5.84,6.44,6.74,5.74,5.74,5.04,4.44,3.54,3.04,2.54,1.54,0.64,1.04,-0.16,-1.46,-1.96,-3.66,-4.26,-5.86,-7.56,-8.56,-8.56,-8.86,-10.26,-9.16,-8.46,-7.86,-6.96,-6.96,-6.66,-6.26,-4.76,-3.86,-3.06,-3.06,-3.56,-4.16,-4.06,-2.86,-2.46,-1.66,-0.86,0.44,2.64,5.34,5.64,5.24,6.14,6.14,5.54,5.14,6.04,6.34,6.14,6.44,5.64,5.24,6.54,6.34,4.24,4.74,4.24,3.04,1.94,2.04,-0.16,-0.76,-2.96,-4.36
-5.36,-2.66,0.54,3.04,4.54,4.74,5.44,5.74,3.14,4.14,4.74,5.04,5.94,4.54,3.64,3.94,3.44,1.64,1.34,1.24,1.24,0.64,0.64,-0.76,-2.96,-5.46,-6.76,-7.06,-7.66,-7.46,-6.76,-6.36,-5.26,-5.26,-4.16,-2.56,-1.46,-1.06,-0.96,-0.76,-0.36,-0.26,0.04,0.44,0.54,0.84,1.14,2.14,2.64,3.04,3.64,4.54,5.34,4.94,6.44,6.54,6.74,5.94,5.34,4.74,4.64,4.54,3.84,3.84,3.14,5.84,4.94,5.34,6.24,4.24,3.04,2.44,2.54,2.84,2.04,2.04,1.34,-0.66,-2.46
-1.96,0.04,1.54,2.94,3.64,4.44,3.84,2.24,2.94,4.34,3.94,5.54,4.54,3.14,2.24,2.24,1.64,0.94,-0.06,0.74,0.14,-1.06,-0.66,-1.26,-3.86,-5.66,-5.86,-5.96,-5.86,-5.56,-5.16,-4.86,-4.26,-3.76,-2.96,-1.86,-0.26,2.24,1.24,0.84,-0.16,-0.66,-0.16,0.54,0.24,0.94,2.34,3.04,2.74,3.14,3.64,4.74,5.74,5.94,6.34,6.24,6.24,5.54,6.64,2.44,1.94,1.94,0.74,-1.16,2.24,4.24,4.74,4.94,5.14,5.54,4.44,3.04,2.64,1.14,1.74,1.84,2.04,0.54,-0.66
-0.96,0.74,2.24,2.14,3.04,4.14,4.54,4.24,3.64,3.94,4.94,4.74,2.94,1.24,1.04,1.14,0.94,0.14,-1.06,-0.66,-1.06,-0.96,-0.66,-2.66,-3.66,-4.26,-4.16,-3.46,-2.36,-0.76,0.74,1.64,2.74,3.14,2.54,1.74,1.74,1.24,0.84,-0.26,-0.36,0.14,-1.46,-0.56,0.84,2.64,3.34,4.54,5.44,6.54,6.94,6.24,5.14,4.44,4.34,5.84,3.64,3.84,-2.46,-3.46,-4.86,-2.36,-4.46,-0.16,3.24,-1.46,-0.26,3.04,2.14,2.94,2.94,3.04,3.24,3.14,1.64,3.14,1.84,2.04,0.14
1.04,1.24,1.64,2.04,1.44,0.34,0.24,0.34,0.74,2.74,3.84,1.24,0.74,0.04,0.44,0.84,0.64,-0.26,-0.66,-1.36,-0.96,-0.56,-0.16,-2.06,-2.66,-2.06,-1.76,-1.36,0.94,0.64,-0.66,-0.26,0.64,0.24,1.44,2.64,1.34,1.24,1.04,0.84,2.24,1.24,0.94,1.54,2.94,3.24,3.44,2.84,2.34,1.44,-0.66,-1.26,-0.86,-0.86,-1.66,-1.66,-5.96,-8.06,-8.46,-7.86,-4.06,-0.66,-0.06,0.44,1.14,1.14,1.44,1.64,2.54,1.74,3.34,2.74,3.34,3.24,3.54,2.74,2.44,0.84,-1.36
-0.06,0.64,1.44,2.44,2.14,2.24,2.64,3.64,5.04,4.84,2.74,0.24,-0.56,-0.16,0.04,0.24,0.14,-0.56,-0.76,-1.16,-0.76,-0.56,-2.06,-1.96,-1.76,-1.86,-1.66,-0.26,-1.26,-0.96,-1.66,-3.16,-2.96,-3.66,-3.66,-4.56,-4.96,-3.06,-0.86,-2.66,-2.46,-0.76,-0.96,-1.86,-0.56,-0.86,-4.26,-4.36,-5.26,-5.16,-5.46,-6.16,-6.06,-6.46,-9.06,-9.56,-9.36,-10.76,-4.36,-1.66,-0.16,0.64,0.44,1.24,3.44,2.64,2.94,3.24,4.74,1.44,-0.56,-1.16,0.24,1.04,1.44,0.14,-2.06,-4.36,-6.16
1.24,0.84,1.84,2.44,2.44,3.34,5.14,6.14,6.54,3.94,1.84,-0.96,0.04,0.14,0.34,0.24,-0.26,-0.56,-0.86,-1.66,-1.46,-2.76,-2.26,-1.56,-1.16,-2.16,-1.36,-3.46,-4.06,-3.96,-6.66,-6.56,-6.66,-7.66,-8.86,-10.56,-9.86,-9.06,-8.06,-7.26,-7.16,-7.76,-6.86,-5.66,-5.36,-7.86,-8.56,-8.76,-9.46,-9.26,-7.06,-6.46,-7.76,-10.46,-13.56,-4.36,-3.46,-5.96,0.04,2.84,3.64,3.94,4.14,4.44,3.84,3.94,4.74,1.34,-2.86,-3.96,-4.36,-5.36,-6.16,-6.86,-7.76,-8.46,-8.66,-8.86,-8.26
2.94,1.74,0.24,3.14,4.84,5.64,6.54,6.74,2.84,3.24,-2.16,-1.16,-0.66,-0.06,0.24,0.14,0.34,0.64,-1.16,-1.36,-2.46,-2.46,-2.56,-2.16,-2.66,-4.06,-5.16,-5.46,-5.26,-4.96,-6.66,-8.06,-9.26,-9.56,-9.06,-9.06,-9.46,-9.36,-9.56,-9.46,-10.26,-9.16,-9.86,-11.46,-13.86,-13.86,-14.56,-14.26,-14.76,-15.96,-16.96,-16.66,-14.36,-12.56,-14.26,-7.76,-6.86,-3.36,-2.06,-3.76,-2.86,-1.06,0.34,2.24,3.04,-2.86,-4.86,-5.66,-5.96,-6.26,-7.06,-7.66,-7.66,-7.96,-7.86,-7.76,-7.56,-8.06,-8.06
0.74,2.14,3.04,3.94,4.84,5.34,5.24,4.14,4.04,-4.86,-3.46,-1.96,-0.66,-0.36,-0.16,0.04,-0.66,-0.56,-1.06,-2.76,-3.46,-3.76,-4.16,-3.66,-4.06,-6.56,-7.16,-6.56,-6.06,-5.56,-7.26,-7.96,-8.76,-9.56,-9.56,-9.36,-9.96,-10.46,-10.76,-10.86,-10.96,-12.76,-14.66,-15.76,-16.26,-16.76,-16.76,-16.96,-16.06,-14.36,-9.66,-5.26,-6.36,-1.46,-1.96,-0.26,-2.96,-5.46,-4.26,-0.66,-5.46,-4.46,-0.96,-0.56,-5.66,-5.86,-5.86,-6.06,-6.46,-6.66,-6.56,-6.76,-6.66,-6.86,-7.26,-7.46,-7.56,-7.36,-6.96
1.84,2.84,0.54,1.64,-1.36,-4.76,-6.86,-6.96,-5.96,-4.86,-3.46,-2.36,-1.86,-1.96,-1.26,-1.36,-1.46,-1.56,-1.36,-1.36,-3.76,-5.06,-4.86,-5.66,-5.96,-7.66,-8.66,-8.86,-8.16,-8.06,-8.26,-8.66,-8.96,-9.46,-10.66,-11.26,-11.16,-11.26,-11.76,-11.26,-11.26,-11.46,-11.36,-11.16,-11.46,-9.66,-8.66,-6.06,-3.76,-1.26,-3.06,-3.86,-2.56,-5.26,1.34,-9.16,-10.16,-9.06,-7.06,-1.86,1.74,-1.76,-1.46,-1.96,-0.86,-5.36,-5.96,-6.16,-5.86,-5.96,-6.06,-6.26,-6.76,-6.86,-6.76,-6.66,-6.76,-6.46,-6.26
-1.96,-2.56,-4.36,-5.46,-6.06,-6.36,-6.46,-6.16,-5.26,-4.26,-3.46,-2.86,-2.66,-2.26,-1.76,-1.26,-1.56,-1.96,-1.36,-0.56,-2.26,-3.96,-5.86,-7.26,-7.56,-8.06,-9.36,-9.76,-10.16,-10.46,-11.26,-11.86,-11.76,-11.46,-10.56,-9.56,-9.86,-9.66,-10.16,-10.06,-11.36,-11.36,-11.66,-10.76,-10.06,-7.76,-4.76,-3.76,-1.06,0.04,-0.56,-0.56,-4.06,-3.16,-1.76,1.14,-9.16,-9.56,-9.76,-4.76,1.14,0.34,-1.86,-0.36,0.04,-1.66,-4.86,-5.06,-5.26,-5.46,-5.76,-5.56,-5.96,-6.36,-6.26,-6.46,-6.36,-6.16,-5.56
-6.36,-6.96,-7.06,-7.06,-6.76,-6.46,-6.06,-5.86,-5.16,-5.06,-4.46,-3.46,-2.36,-2.26,-2.56,-0.86,-1.16,-1.26,-2.36,-3.66,-2.86,-2.16,-2.06,-0.96,-3.56,-1.56,-2.36,-0.96,-6.56,-10.16,-11.16,-11.96,-12.86,-13.56,-13.16,-13.26,-13.26,-12.46,-12.26,-11.56,-10.26,-9.26,-8.36,-9.36,-10.66,-9.96,-6.06,-4.86,-5.16,0.04,2.34,0.24,0.54,-4.26,-2.76,-0.56,-4.06,-9.46,-11.46,-6.16,2.24,0.74,1.54,0.64,0.54,1.14,-3.56,-4.36,-4.56,-4.66,-4.86,-5.06,-5.06,-5.46,-5.26,-5.16,-5.26,-5.16,-4.76
-6.46,-6.26,-6.06,-5.86,-5.26,-4.46,-4.06,-4.46,-4.16,-3.26,-5.16,-4.96,-4.66,-3.06,-1.86,-2.16,-0.76,-1.56,-1.56,-1.86,-2.86,-1.86,-3.06,-2.46,-3.56,-1.96,-1.26,-0.66,-0.36,-1.26,-3.16,-4.26,-6.76,-8.96,-11.06,-9.06,-10.36,-11.56,-8.56,-6.36,-2.46,-3.46,-3.56,-6.76,-5.36,2.34,2.44,0.44,-3.06,0.44,-1.26,-4.76,-5.16,-3.06,-4.36,-5.26,-5.46,-5.36,-5.46,-3.36,1.84,0.34,0.44,-0.16,0.94,1.04,-1.36,-3.66,-3.76,-4.46,-4.66,-4.66,-4.56,-4.56,-4.56,-4.46,-4.46,-4.26,-4.06
-2.26,-7.06,-5.56,-2.06,-0.86,-3.46,-1.66,1.34,-2.06,-0.46,-0.86,-1.36,-5.06,-5.46,-3.86,-2.06,-3.06,-4.16,-3.16,-2.66,-1.86,-0.66,-2.66,-3.46,-4.56,-4.26,-3.66,-4.46,-4.26,-2.86,-0.66,-5.46,-7.76,-8.86,-9.26,-11.86,-10.66,-8.06,-5.16,-7.16,-7.66,-11.96,-15.06,-8.86,-2.66,-0.76,-2.06,-1.26,-2.96,-4.06,-5.06,-5.26,-4.36,-4.06,-4.96,-5.96,-5.46,-2.16,-1.76,0.44,1.04,1.94,0.94,-0.26,0.84,1.54,-2.16,-3.76,-4.36,-4.56,-4.66,-4.56,-4.56,-4.36,-4.16,-4.06,-4.16,-4.06,-4.06
-4.86,-4.86,-6.26,-2.96,-1.96,-3.96,-3.56,-5.26,-0.56,0.24,-0.66,1.14,0.34,1.04,-0.96,-1.26,-3.56,-8.66,-12.56,-14.06,-14.36,-12.06,-10.76,-10.06,-18.06,-16.76,-12.86,-10.76,-10.66,-10.96,-11.36,-11.06,-12.36,-14.46,-14.76,-15.36,-13.16,-9.86,-8.06,-6.76,-6.56,-5.66,-4.86,-3.86,-1.96,-0.96,-0.46,1.74,2.14,1.44,0.54,-0.66,-0.56,-0.46,-0.06,-0.36,0.24,-0.46,-1.16,0.24,0.54,-0.06,0.44,0.94,-2.16,-3.06,-4.06,-4.56,-5.06,-5.26,-5.66,-5.66,-5.46,-5.26,-5.16,-5.06,-4.86,-4.46,-4.06
-1.36,-2.66,-3.56,-4.16,-2.86,-3.16,-2.86,1.24,7.14,4.64,2.24,-5.66,-2.76,-0.56,-2.76,-5.66,-7.96,-10.56,-10.86,-11.66,-13.56,-13.86,-12.86,-13.76,-15.86,-13.36,-12.56,-13.26,-12.46,-13.36,-15.16,-14.26,-16.16,-15.86,-14.06,-12.36,-10.26,-7.96,-5.96,-4.26,-2.96,-2.56,-4.46,-5.06,-4.86,-4.16,-3.66,-3.06,-3.56,-4.66,-6.46,-5.46,-4.16,-2.76,1.04,-1.36,-0.06,0.34,-1.06,-1.86,-2.06,-2.36,-2.86,-2.66,-3.16,-4.46,-5.46,-5.86,-6.16,-5.86,-5.76,-5.66,-5.56,-5.36,-5.16,-5.16,-4.86,-4.56,-4.56
-0.26,0.64,0.84,0.64,0.64,0.04,1.94,1.24,-0.56,-1.56,-1.96,-1.96,-1.86,-2.66,-4.26,-5.76,-6.76,-7.26,-7.96,-8.26,-8.36,-9.36,-10.06,-10.26,-10.36,-10.06,-9.96,-10.36,-10.26,-9.26,-8.86,-8.76,-8.46,-8.16,-8.36,-10.06,-11.76,-10.26,-7.16,-5.46,-5.26,-4.06,-3.26,-1.76,2.34,4.04,0.74,-1.26,-2.46,-2.76,-2.76,-2.46,-2.36,-2.56,-2.76,-2.76,-2.76,-2.76,-3.06,-3.26,-3.36,-3.56,-3.76,-3.76,-3.86,-4.16,-4.96,-5.36,-5.66,-5.96,-6.16,-6.56,-6.76,-6.86,-6.36,-6.16,-5.66,-5.16,-4.86
-1.06,-1.86,-2.46,-2.76,-2.76,-3.06,-3.56,-3.46,-3.26,-2.86,-2.96,-3.06,-2.76,-3.16,-3.66,-4.36,-5.06,-5.36,-5.16,-4.76,-5.16,-5.46,-5.36,-5.16,-4.96,-4.86,-4.16,-3.26,-2.76,-2.36,-1.76,-1.56,-1.66,-1.66,-2.36,-3.26,-4.76,-2.66,-0.46,-1.56,-2.06,-1.76,-2.36,-2.96,-2.26,-1.36,-0.76,-0.66,-0.76,-0.56,-1.26,-2.56,-3.36,-3.66,-3.76,-3.76,-3.76,-3.66,-3.76,-3.96,-4.06,-4.16,-4.06,-3.96,-4.06,-4.36,-4.66,-4.86,-4.96,-5.26,-5.46,-5.66,-5.66,-5.46,-6.26,-8.26,-7.86,-5.26,-3.36
-2.46,-2.86,-2.96,-2.96,-3.16,-3.16,-3.26,-3.76,-4.06,-3.76,-3.36,-3.56,-3.86,-4.46,-4.96,-4.76,-4.66,-4.76,-4.86,-4.96,-5.26,-5.46,-5.56,-5.36,-5.06,-4.96,-5.16,-5.86,-6.76,-7.86,-8.96,-9.36,-9.56,-8.66,-6.36,-4.66,-0.06,3.44,3.44,2.44,-0.26,-1.36,-3.06,-2.56,-1.96,-2.86,-3.56,-2.86,-2.36,-2.66,-2.96,-2.96,-4.56,-5.46,-3.86,-3.06,-3.86,-4.06,-4.16,-4.26,-4.36,-4.46,-4.46,-4.46,-4.46,-4.56,-4.56,-4.56,-4.46,-4.46,-3.86,-2.26,-1.26,-5.06,-7.86,-7.76,-6.16,-4.36,-2.56
-3.26,-2.96,-2.66,-2.76,-2.86,-3.16,-3.56,-3.76,-3.56,-3.46,-3.56,-3.96,-4.36,-4.76,-5.06,-5.46,-5.86,-6.36,-6.46,-6.56,-6.46,-6.36,-6.06,-5.96,-6.06,-6.16,-6.36,-7.16,-8.26,-7.96,-6.96,-6.36,-5.16,-3.66,-2.36,-1.66,-1.06,-0.96,0.14,0.94,1.04,2.04,1.74,-0.96,-2.76,-3.56,-2.46,-2.06,-2.46,-2.56,-2.66,-2.86,-2.96,-3.26,-3.56,-3.86,-4.36,-4.26,-4.16,-4.36,-4.36,-4.46,-4.86,-4.76,-4.76,-4.66,-4.06,-3.46,-2.66,-1.96,-1.66,-2.56,-3.66,-3.56,-3.36,-3.36,-2.86,-1.96,-2.06
-4.36,-4.06,-3.76,-3.76,-3.96,-4.56,-5.06,-5.16,-5.46,-5.86,-6.16,-6.16,-5.96,-5.96,-5.96,-5.86,-5.56,-5.86,-6.16,-6.06,-6.16,-6.86,-7.56,-7.76,-7.06,-5.56,-4.56,-4.06,-4.06,-4.06,-3.56,-3.16,-3.06,-2.86,-2.56,-2.06,-1.16,0.14,0.14,-0.46,-0.56,-0.26,-0.26,-0.16,-0.26,-0.26,-0.36,-0.76,-1.56,-2.66,-3.36,-4.26,-5.46,-6.56,-6.56,-5.86,-5.46,-5.16,-5.16,-5.26,-5.56,-5.76,-5.86,-5.96,-6.26,-6.66,-6.96,-7.46,-7.76,-7.56,-7.06,-6.36,-5.86,-5.96,-6.26,-6.56,-6.66,-6.36,-5.86
-4.36,-4.36,-4.16,-4.16,-5.16,-5.96,-5.96,-5.66,-5.56,-5.66,-5.96,-6.46,-6.96,-7.36,-7.36,-7.66,-8.26,-8.66,-8.66,-8.16,-7.26,-6.26,-5.46,-4.86,-4.66,-4.36,-3.96,-3.66,-3.66,-3.56,-3.06,-2.46,-1.96,-1.56,-1.46,-1.26,-0.86,-0.56,-0.76,-0.66,-0.46,-0.56,-1.06,-1.66,-1.86,-1.96,-2.16,-2.26,-2.46,-3.16,-4.16,-5.06,-5.56,-5.26,-4.66,-4.16,-3.96,-3.96,-4.36,-4.96,-5.16,-5.16,-5.06,-5.06,-5.16,-5.16,-5.36,-5.86,-6.76,-7.56,-8.26,-9.26,-8.96,-8.26,-7.26,-5.66,-4.06,-2.96,-2.16
-7.26,-7.46,-7.86,-8.26,-8.36,-8.06,-7.56,-7.06,-6.86,-6.86,-7.16,-7.76,-8.06,-7.36,-6.86,-7.86,-9.66,-10.26,-9.76,-8.46,-6.86,-5.46,-4.46,-3.86,-3.66,-3.56,-3.76,-3.96,-4.06,-3.86,-3.46,-2.86,-2.36,-2.26,-2.16,-1.56,-1.26,-1.06,-0.86,-0.46,-0.16,-0.36,-0.76,-1.06,-1.06,-0.86,-0.76,-0.66,-0.56,-0.46,-0.36,-0.76,-0.96,-1.06,-1.16,-1.46,-1.56,-1.56,-1.66,-1.66,-1.46,-0.66,0.04,1.04,1.64,0.94,-0.46,-1.96,-2.66,-3.36,-3.76,-4.66,-4.26,-2.36,0.04,1.84,1.74,-0.26,-1.96
-9.66,-9.96,-10.36,-10.96,-11.36,-11.86,-12.36,-13.16,-13.66,-13.96,-13.96,-13.36,-12.66,-12.06,-11.56,-11.46,-10.96,-10.06,-8.86,-7.66,-6.76,-6.36,-6.06,-5.96,-5.86,-5.86,-5.86,-5.46,-4.76,-4.06,-3.56,-3.66,-3.36,-2.56,-1.86,-1.46,-1.26,-0.96,-0.66,-0.36,-0.06,-0.16,0.04,0.44,1.04,1.84,2.34,2.84,3.14,3.24,3.34,3.34,3.14,2.94,2.74,3.14,3.44,3.44,3.24,2.44,1.54,0.64,-0.16,-0.86,-1.16,-1.26,-1.86,-3.06,-3.56,-3.56,-3.56,-3.66,-3.76,-3.86,-3.96,-4.16,-4.36,-4.96,-5.86
