gfs.json
{"header": {"discipline": 0, "disciplineName": "Meteorological products", "gribEdition": 2, "center": "kwbc", "centerName": "US National Weather Service - NCEP(WMC)", "subcenter": 0, "refTime": "2026-04-13T12:00:00.000Z", "significanceOfRT": 1, "significanceOfRTName": "Start of forecast", "productStatus": 0, "productStatusName": "Operational products", "productType": 1, "productTypeName": "Forecast products", "productDefinitionTemplate": 0, "productDefinitionTemplateName": "Analysis/forecast at horizontal level/layer at a point in time", "parameterCategory": 2, "parameterCategoryName": "Momentum", "parameterNumber": 3, "parameterNumberName": "V-component_of_wind", "parameterUnit": "m.s-1", "genProcessType": 2, "genProcessTypeName": "Forecast", "forecastTime": 0, "surface1Type": "sfc", "surface1TypeName": "Unknown", "surface1Value": 10, "surface2Type": 255, "surface2TypeName": "Missing", "surface2Value": 0, "gridDefinitionTemplate": 0, "gridDefinitionTemplateName": "Latitude_Longitude", "numberPoints": 65160, "shape": 6, "shapeName": "Earth spherical with radius of 6,371,229.0 m", "gridUnits": "degrees", "resolution": 48, "winds": "true", "scanMode": 0, "nx": 360, "ny": 181, "basicAngle": 0, "subDivisions": 0, "lo1": 0.0, "la1": 90.0, "lo2": 359.0, "la2": -90.0, "dx": 1.0, "dy": 1.0}, "data":
[rows 144 to 179 of 181, columns 243 to 323 of 360]
-1.23,-1.63,-2.43,-2.23,-1.23,-1.43,0.27,-0.33,0.27,0.77,1.47,0.67,-0.83,-1.43,-3.83,-5.73,-0.43,-0.33,1.17,1.07,0.07,1.47,4.17,5.17,4.57,5.07,4.77,4.37,3.27,2.17,1.07,0.27,-0.73,-2.03,-3.63,-6.23,-7.83,-10.43,-12.43,-12.03,-11.93,-12.63,-13.63,-14.03,-12.93,-2.33,-3.83,-3.53,-5.13,-8.73,-15.13,-15.93,-17.43,-15.93,-16.23,-17.23,-17.43,-16.93,-15.83,-14.53,-14.13,-12.93,-11.63,-10.23,-9.13,-8.03,-6.23,-4.93,-3.93,-2.63,-1.33,-1.23,0.07,2.07,3.97,5.57,6.67,7.47,7.97,10.57,7.97
-0.43,-0.83,-2.03,-2.73,-1.53,-0.23,-0.33,0.17,0.87,0.47,0.67,0.77,-1.73,-3.83,-4.83,-1.93,-0.33,0.57,0.87,0.37,0.77,3.87,5.27,6.27,5.37,5.47,6.07,4.57,4.17,2.37,2.07,1.67,2.97,1.47,0.37,-2.43,-7.03,-15.13,-16.13,-15.83,-14.63,-13.93,-14.73,-15.13,-15.33,-15.83,-11.43,-3.13,-1.23,-5.63,-10.73,-12.03,-19.63,-17.93,-17.83,-17.43,-17.53,-17.83,-16.63,-15.43,-14.63,-13.23,-12.13,-10.73,-9.63,-8.43,-7.43,-6.03,-4.83,-3.73,-3.43,-2.13,0.07,2.87,5.17,6.67,8.07,8.97,10.97,11.97,9.07
-0.03,-3.63,-4.53,-2.73,-1.13,-0.83,0.37,0.67,1.37,1.47,1.07,-0.13,-6.73,-4.83,-1.53,0.07,0.17,1.67,0.87,1.67,3.67,4.77,6.07,6.07,6.57,6.57,4.47,5.37,4.87,4.77,4.87,4.37,4.57,5.57,5.87,4.17,-4.33,-6.53,-20.63,-19.53,-16.93,-15.83,-15.93,-15.43,-15.53,-15.73,-16.23,-14.13,-13.23,-4.53,-0.63,-12.93,-15.13,-16.63,-19.13,-18.23,-16.83,-16.93,-16.53,-15.93,-15.03,-13.73,-12.43,-11.33,-10.43,-8.93,-7.53,-6.93,-5.63,-4.33,-3.83,-2.23,-0.13,2.67,5.87,7.17,8.87,10.47,12.37,14.27,12.37
-1.73,-4.33,-3.33,-3.13,-1.63,-0.73,0.67,1.77,2.27,1.07,-1.83,-3.93,-2.73,-1.53,-0.23,0.57,0.57,1.57,1.97,3.77,5.37,5.57,6.37,6.87,5.67,4.87,4.07,5.37,7.17,6.47,6.07,6.47,6.97,7.37,7.17,4.67,-0.73,-7.13,-21.13,-19.23,-17.43,-15.93,-15.53,-16.23,-15.53,-15.73,-15.73,-14.83,-14.53,-11.93,-9.13,-6.83,-17.23,-19.63,-18.23,-17.83,-18.03,-18.23,-16.73,-16.03,-14.53,-13.43,-12.53,-11.63,-10.63,-9.73,-8.23,-7.13,-6.03,-4.63,-3.83,-2.13,0.57,3.67,5.17,7.17,9.57,11.17,12.97,13.97,13.67
-4.53,-4.43,-3.93,-2.03,-0.53,-0.73,0.07,-3.63,-1.23,-0.93,-1.23,-0.43,0.07,-0.23,0.17,1.27,2.37,2.97,3.07,4.57,6.57,6.67,7.27,7.17,7.07,6.57,5.87,7.37,7.27,6.47,7.07,8.77,8.57,8.57,10.47,8.77,-3.73,-16.93,-18.83,-17.43,-15.63,-15.03,-14.93,-14.73,-14.33,-15.43,-14.73,-14.83,-14.03,-13.83,-13.23,-11.63,-16.43,-18.63,-18.33,-18.33,-18.03,-16.33,-15.93,-15.13,-14.33,-13.93,-12.83,-11.63,-11.13,-10.03,-8.53,-7.73,-6.13,-4.83,-3.53,-2.13,0.67,2.97,5.07,7.17,9.67,12.17,13.87,14.47,13.47
-2.63,-4.13,-2.83,-2.93,-3.33,-1.83,-1.63,-0.93,-0.83,-1.23,-0.73,0.07,0.87,1.57,2.17,3.77,3.47,4.37,5.17,6.27,6.77,6.97,7.57,7.77,7.97,6.67,7.67,7.57,7.37,7.67,8.57,9.17,9.37,9.67,4.77,-8.03,-11.43,-13.63,-14.03,-14.53,-14.13,-14.03,-13.43,-12.33,-12.63,-13.73,-13.93,-12.73,-12.13,-12.93,-14.33,-13.83,-14.73,-17.13,-16.33,-15.93,-16.33,-15.63,-15.43,-15.83,-14.33,-13.03,-12.53,-11.33,-10.93,-9.83,-8.83,-7.73,-6.43,-5.13,-3.73,-2.33,0.07,1.97,4.27,6.47,10.07,11.27,13.27,14.37,14.47
-3.03,-4.13,-5.33,-6.43,-3.53,-1.83,-1.53,-3.83,-2.33,-0.33,0.87,1.67,3.27,3.17,2.97,4.07,4.97,6.47,6.77,7.27,7.17,8.87,8.47,7.67,7.17,7.27,7.67,8.47,8.77,8.87,8.47,8.97,9.17,9.97,-1.43,-11.83,-13.43,-13.63,-13.93,-14.13,-14.43,-13.93,-12.53,-11.53,-12.03,-12.03,-11.83,-13.53,-10.23,-5.63,-15.63,-14.53,-17.03,-15.73,-15.03,-15.13,-14.43,-14.83,-15.53,-14.63,-13.63,-13.13,-12.33,-11.83,-10.93,-10.03,-9.43,-7.93,-6.83,-5.53,-3.63,-2.93,-0.93,0.67,3.17,6.17,8.57,10.47,12.57,14.07,14.27
-3.53,-5.03,-4.53,-3.73,-2.23,-2.43,-2.33,-3.13,-1.53,1.07,2.37,3.77,1.67,3.17,5.07,5.97,6.97,7.27,7.47,8.57,8.07,8.07,8.47,8.17,8.77,8.17,8.37,9.37,9.57,9.27,10.07,9.47,9.37,7.77,-7.83,-13.13,-12.73,-14.23,-14.13,-14.63,-14.73,-14.03,-13.03,-12.53,-11.83,-11.73,-12.23,-12.63,-12.53,-2.13,-12.63,-17.43,-16.63,-14.53,-14.33,-15.23,-15.03,-14.53,-14.23,-13.73,-13.53,-12.53,-8.43,-10.03,-10.53,-10.03,-9.83,-9.53,-7.53,-5.73,-3.83,-3.23,-1.63,-0.33,3.27,5.77,7.07,9.27,11.37,12.97,13.37
-4.83,-3.13,-2.23,-0.93,-0.23,0.07,-0.63,-1.53,-1.63,1.07,3.17,2.27,3.37,4.97,5.97,6.87,7.37,8.17,8.47,8.57,8.67,8.17,7.87,7.67,8.67,9.67,9.87,10.67,9.47,9.47,9.87,10.67,11.27,-5.13,-5.33,-3.63,-5.63,-14.63,-16.33,-15.63,-15.23,-13.93,-12.93,-12.33,-11.63,-10.43,-10.23,-10.73,0.27,-20.63,-22.73,-19.03,-15.43,-15.03,-13.73,-13.43,-12.93,-12.03,-10.93,-5.03,-10.43,-12.03,-11.63,-10.33,-10.23,-10.33,-8.83,-8.93,-8.03,-6.23,-3.83,-3.63,-3.13,0.67,4.07,4.07,4.17,5.97,7.97,9.37,9.37
-4.13,-2.23,-1.13,-0.13,1.17,-0.53,0.77,0.97,2.87,2.97,1.47,3.57,5.27,6.17,6.97,7.77,7.97,8.97,8.87,9.17,7.67,7.07,7.47,8.57,9.37,9.37,10.87,11.07,9.27,9.77,10.97,10.97,10.17,-5.03,-2.43,-0.13,-4.63,-11.43,-15.23,-15.43,-15.33,-14.13,-12.83,-11.23,-8.83,-6.63,-2.33,-14.33,-16.63,-18.23,-17.83,-17.33,-15.83,-14.33,-14.13,-14.23,-12.13,-6.83,-10.43,-6.53,-9.93,-7.33,-11.03,-11.63,-10.33,-9.73,-9.53,-7.73,-7.43,-6.43,-5.73,-4.93,-3.33,-0.53,0.77,1.47,2.47,3.97,5.27,6.27,6.67
-3.23,-1.13,0.57,0.97,0.77,2.27,3.07,3.77,3.67,3.17,3.97,5.17,6.57,7.27,7.37,7.97,8.37,8.47,8.47,6.57,6.97,7.87,8.97,9.47,10.27,10.37,11.07,10.27,8.17,8.27,9.97,9.57,10.37,7.37,-7.33,-3.13,-0.23,-7.03,-10.73,-11.93,-13.23,-12.03,-10.73,-8.33,-5.63,-3.23,-14.23,-12.13,-12.23,-14.13,-14.53,-15.63,-14.53,-13.03,-9.03,-4.53,-1.53,-2.03,-6.73,-2.03,-2.03,-9.13,-9.83,-10.43,-9.63,-9.33,-7.93,-7.43,-6.63,-6.13,-5.03,-4.23,-3.43,-1.93,-0.43,0.67,0.37,1.37,2.07,2.87,2.77
-1.33,0.67,1.97,1.77,1.47,2.67,2.07,2.57,3.87,4.97,5.67,6.07,6.47,6.87,7.77,8.07,9.37,6.57,7.57,7.87,7.97,8.77,9.37,9.17,8.77,8.37,9.67,7.77,6.47,7.27,7.77,8.57,9.57,8.87,0.87,-8.43,-6.83,-5.53,-5.33,-7.33,-8.33,-8.43,-7.33,-8.33,-12.73,-10.83,-11.13,-11.93,-12.03,-12.53,-12.43,-11.83,-7.13,-0.93,-1.33,0.27,1.27,1.07,1.77,0.57,1.07,-1.83,-5.43,-6.13,-7.23,-7.23,-7.13,-6.83,-6.03,-5.53,-5.23,-4.83,-3.93,-2.33,-1.33,-1.03,-2.13,-2.03,-1.83,-1.93,-1.43
0.07,1.07,1.97,2.27,3.07,3.67,3.57,4.87,4.87,5.17,4.97,5.87,6.97,7.37,7.97,5.47,7.07,7.87,8.17,8.87,9.37,9.17,9.07,7.77,5.97,5.17,6.17,4.97,4.67,3.17,4.67,6.67,8.27,8.77,5.57,-0.83,-4.33,-5.43,-7.93,-7.83,-7.53,-8.83,-10.03,-9.03,-8.73,-9.13,-9.63,-9.63,-7.73,-8.73,-9.03,-5.33,7.17,0.47,0.57,1.57,0.67,1.97,1.87,1.47,1.67,1.87,0.17,-1.93,-2.73,-2.83,-3.73,-5.13,-5.63,-5.43,-3.73,-4.53,-4.53,-4.13,-2.13,-1.93,-3.63,-4.73,-4.93,-4.93,-4.83
0.57,1.17,1.47,1.17,1.77,2.47,3.27,3.27,3.57,4.57,5.67,7.57,7.97,4.37,5.77,6.47,7.37,8.57,9.87,10.77,11.07,10.37,8.87,6.37,4.97,3.27,2.87,3.07,3.37,2.07,3.97,4.67,5.17,6.97,6.17,4.37,1.97,-0.53,-3.33,-4.83,-5.73,-6.33,-6.93,-7.63,-8.33,-10.03,-11.23,-10.23,-7.23,1.27,10.97,1.97,0.57,1.77,1.67,-0.43,-1.73,-1.33,-0.93,0.27,0.87,1.27,1.17,0.77,-0.13,-0.53,-0.83,-1.53,-2.63,-2.93,-3.53,-3.13,-3.23,-3.53,-3.43,-2.63,-3.83,-5.43,-6.13,-6.93,-7.13
1.97,0.17,2.47,2.57,2.17,2.27,2.57,3.67,4.47,5.77,7.27,6.07,3.37,5.37,6.07,7.37,8.67,9.87,10.87,11.67,11.57,11.57,10.57,7.17,5.47,5.47,2.67,3.87,3.47,0.97,3.67,2.87,1.07,2.07,2.77,3.57,3.07,2.17,1.67,0.17,-0.43,-0.43,-0.03,0.17,2.17,3.87,4.67,1.07,-2.33,-4.83,-1.03,-1.13,6.17,4.67,5.27,2.77,1.27,-0.03,-0.83,-1.23,-1.63,-1.83,-1.63,-1.63,-2.13,-2.33,-2.43,-2.43,-2.23,-2.13,-2.23,-2.33,-2.63,-3.43,-4.13,-3.33,-4.23,-6.03,-7.13,-7.73,-8.33
2.67,3.07,3.47,3.37,3.37,3.37,3.27,4.67,6.07,7.37,6.07,3.17,3.97,4.77,5.77,6.87,8.17,9.77,11.17,11.67,11.97,12.17,12.57,12.07,10.87,6.97,2.67,3.27,2.97,2.57,2.47,2.67,2.97,2.17,-0.33,-0.23,-0.03,-1.43,-1.03,-2.23,-3.73,-3.23,2.97,3.27,3.77,1.07,3.67,6.97,4.17,1.57,-2.43,-5.03,0.17,2.57,8.37,10.47,9.27,7.17,0.77,-1.03,-1.63,-1.83,-1.23,-0.83,-0.23,-0.33,-0.33,-0.33,-0.53,-0.73,-0.83,-1.73,-2.53,-4.23,-4.83,-4.93,-5.23,-6.93,-7.53,-8.33,-8.73
2.97,3.27,3.47,3.47,3.47,2.97,4.07,4.57,4.27,3.87,4.87,4.67,3.67,4.07,5.77,6.27,6.87,7.97,9.17,10.17,10.97,11.17,11.57,11.57,11.67,11.27,10.57,9.27,6.17,4.07,3.07,2.87,1.77,-0.33,-1.33,-1.93,-2.03,-1.43,-0.63,2.77,4.67,3.17,3.47,4.47,4.67,2.77,-2.63,-3.93,5.57,-9.13,-7.53,-3.83,-1.53,-2.73,1.47,4.47,8.47,8.57,6.77,3.27,1.07,0.57,0.57,0.87,0.67,1.07,1.67,1.87,1.57,1.07,0.07,-1.53,-3.33,-3.93,-4.63,-6.03,-6.73,-7.03,-7.73,-8.23,-8.63
3.27,3.47,3.77,3.87,3.17,2.97,2.97,3.27,3.37,2.87,2.77,2.57,2.77,3.47,3.87,3.97,5.57,6.37,7.07,8.07,9.37,9.57,9.37,9.67,9.77,9.87,9.97,9.67,9.27,8.67,7.57,7.17,6.07,4.07,1.77,0.37,0.17,1.57,3.27,5.77,4.77,1.17,0.97,-0.83,2.47,3.17,3.07,2.77,0.47,2.17,-7.23,-9.53,-8.93,-3.33,0.77,1.57,4.77,9.17,7.57,5.47,2.37,1.77,1.27,1.47,1.97,2.37,2.87,3.37,3.77,4.07,4.07,-1.33,-5.53,-5.83,-5.83,-6.13,-6.53,-7.03,-7.53,-7.93,-8.13
3.97,4.27,4.47,4.47,3.27,2.97,2.77,2.97,3.27,3.07,2.87,2.77,2.77,3.37,4.47,1.97,2.57,2.87,4.37,3.87,4.17,6.07,6.67,6.37,6.97,7.97,9.17,8.77,8.17,9.17,9.27,9.37,7.67,7.37,7.17,5.77,4.17,3.17,4.17,8.77,10.47,8.17,2.77,-1.33,-0.83,-0.23,-0.13,-1.73,-1.13,-1.13,-1.03,-3.43,-1.53,1.37,1.27,-0.03,0.67,7.67,7.57,6.67,3.17,2.07,1.87,1.87,2.27,2.57,3.07,3.77,4.77,5.37,5.37,3.67,-0.53,-3.23,-4.33,-4.93,-5.43,-5.73,-6.13,-6.33,-6.43
5.47,5.97,6.37,6.97,7.17,7.87,8.07,6.07,5.77,5.57,4.87,3.87,3.87,2.77,2.07,2.57,3.57,2.97,3.17,2.17,0.07,0.07,0.27,1.17,1.87,3.67,5.07,5.47,7.47,8.17,9.47,11.37,12.57,12.07,10.07,5.87,4.17,8.37,11.67,0.87,7.77,4.87,4.37,4.87,-0.13,-1.23,-0.13,1.17,2.57,5.17,2.87,-0.23,-0.43,0.87,-0.53,-0.83,1.97,5.97,7.87,6.57,4.27,2.37,1.67,1.67,1.97,2.47,2.77,3.17,3.27,3.07,2.67,2.37,1.77,0.97,-0.03,-0.93,-1.63,-2.13,-2.43,-2.63,-2.63
6.27,5.77,3.37,7.37,7.67,6.67,9.97,10.47,10.07,8.67,6.67,6.17,5.67,5.27,3.47,0.37,0.27,0.87,2.87,4.57,5.27,4.47,2.77,1.27,3.57,2.97,3.27,4.67,8.07,11.37,15.07,17.17,17.47,17.67,19.07,21.27,23.07,16.87,19.57,18.57,18.27,13.67,6.37,4.77,4.57,3.07,3.07,1.67,0.57,-0.33,-0.93,1.77,0.37,-1.73,0.27,0.87,2.27,7.07,6.67,5.47,2.37,1.47,1.17,1.17,1.37,1.47,1.67,1.87,2.07,1.97,1.57,1.07,0.57,0.17,-0.03,-0.33,-0.53,-0.83,-1.13,-1.43,-1.53
10.27,11.07,5.67,6.37,3.17,2.17,1.07,5.77,6.07,5.77,4.87,4.67,6.17,7.87,9.67,8.97,6.17,1.97,-1.63,-0.43,0.07,0.27,1.07,1.77,2.27,2.37,2.87,1.97,2.67,4.67,6.47,7.37,7.47,7.07,6.57,6.07,5.67,7.27,7.77,6.57,3.57,2.57,0.87,-0.03,1.57,-0.23,-1.73,-3.63,-9.33,-9.83,-7.93,-4.43,-3.03,-0.03,-0.43,1.97,4.07,4.57,3.97,0.87,0.87,0.77,0.57,0.67,0.67,0.57,0.77,0.77,0.77,0.87,0.87,0.67,0.37,0.17,-0.13,-0.53,-0.73,-0.83,-0.83,-0.83,-0.93
7.07,4.17,5.67,4.97,1.47,7.57,9.87,7.47,6.77,7.07,7.87,6.17,4.57,4.07,4.77,6.27,7.67,7.77,6.57,4.47,2.77,2.87,2.97,3.37,4.77,6.07,7.47,7.87,8.37,8.47,7.87,7.87,8.97,9.17,8.57,5.77,3.07,3.97,4.67,7.57,8.77,8.87,8.57,8.17,7.97,6.07,2.57,0.37,-0.53,-0.23,0.77,1.87,1.57,1.47,1.57,1.87,1.97,0.67,-0.13,0.17,0.27,0.37,0.87,0.77,0.57,0.67,0.67,0.87,0.87,0.77,0.77,0.87,0.77,0.57,0.57,0.37,0.17,-0.13,-0.33,-0.43,-0.63
1.27,4.37,4.87,4.67,4.07,3.37,3.27,3.07,3.17,3.57,3.67,3.27,2.87,2.67,2.27,1.37,1.07,1.37,1.67,2.47,3.27,3.47,3.07,2.17,1.27,0.37,-0.33,-0.73,-0.33,1.47,5.17,10.27,10.97,9.47,8.37,7.77,7.17,7.57,9.67,8.17,8.07,11.67,8.97,8.07,7.67,6.87,5.37,4.27,3.27,2.07,1.07,0.57,0.47,0.47,0.37,0.17,-0.13,-0.03,-0.53,-0.43,-0.43,-0.23,-0.03,0.17,0.47,0.77,1.37,1.87,2.57,2.97,3.27,3.37,3.07,2.67,1.97,1.37,0.87,0.47,0.07,-0.33,-0.43
0.17,0.87,1.57,2.07,2.47,2.87,3.07,2.87,2.57,2.57,2.77,2.97,3.57,4.07,4.27,4.37,4.37,4.37,4.57,4.67,4.67,4.57,4.07,3.47,2.97,2.47,2.37,1.87,1.17,1.37,2.47,2.57,3.07,7.07,8.87,8.77,4.37,5.47,6.87,7.07,6.77,6.07,6.17,7.17,7.27,6.87,5.97,5.27,4.57,3.97,3.37,2.87,2.37,1.67,0.97,0.27,0.07,0.27,-0.33,-1.13,-1.83,-2.23,-2.53,-3.03,-3.63,-3.93,-3.73,-3.33,-1.83,0.87,2.97,5.77,8.37,8.37,4.87,2.57,1.77,1.97,2.07,1.67,2.67
-2.03,-2.23,-2.13,-1.63,-0.93,-0.23,0.27,0.67,0.87,1.37,1.67,1.97,2.37,2.47,2.67,3.17,3.67,3.87,3.97,3.97,3.97,4.07,4.17,4.57,5.77,6.67,7.17,7.27,7.17,3.57,0.97,0.67,-0.03,1.37,1.87,6.37,7.07,7.17,5.87,6.77,8.37,8.57,8.07,7.77,7.47,6.37,5.87,6.57,5.67,4.57,3.97,3.17,2.17,1.17,0.37,-0.23,-0.43,-0.53,-0.63,-0.53,-0.53,-0.33,-0.33,-0.53,-1.73,-2.13,-3.23,-3.53,-3.43,-3.03,-1.53,1.27,3.37,4.57,4.97,4.77,4.47,4.17,3.97,3.87,3.17
-3.73,-3.43,-2.93,-2.23,-1.83,-1.93,-2.13,-2.23,-2.33,-2.43,-2.23,-2.03,-1.53,-1.13,-0.43,0.17,0.87,1.47,2.07,2.87,3.67,4.17,4.47,4.87,5.07,4.57,4.37,4.77,5.37,5.87,6.07,5.97,5.87,6.27,6.07,4.87,9.47,6.27,4.57,6.97,7.67,7.67,7.47,6.97,6.57,6.27,5.97,5.77,5.37,4.97,4.57,4.27,3.77,2.97,2.17,1.67,1.37,1.07,0.57,0.17,-0.23,-0.43,-0.53,-0.33,0.47,1.07,0.47,-1.13,-2.53,-3.33,-3.93,-3.93,-3.03,-0.93,1.67,1.97,1.57,1.07,1.37,1.77,1.57
-5.63,-5.43,-5.33,-5.13,-4.83,-4.13,-3.53,-3.03,-2.63,-2.23,-1.83,-1.63,-1.53,-1.53,-1.53,-1.23,-0.53,0.17,0.57,0.67,0.97,1.27,1.87,2.37,2.77,3.07,3.47,4.07,4.77,5.37,5.77,5.77,5.57,5.47,5.47,5.57,5.87,6.07,6.27,6.37,6.27,5.87,5.37,4.87,4.27,3.87,4.17,4.77,5.17,4.97,4.47,3.97,3.27,2.87,2.47,1.87,1.57,1.57,1.77,1.97,1.97,1.97,1.77,1.17,0.57,0.37,0.47,0.67,0.57,0.27,-0.33,-0.73,-1.03,-0.63,0.17,0.37,-0.23,0.17,2.17,4.47,3.17
-5.03,-5.23,-5.73,-6.13,-6.13,-6.13,-6.43,-6.73,-6.63,-6.13,-5.33,-4.13,-3.03,-1.93,-1.03,-0.53,-0.13,0.07,0.27,0.57,0.77,0.97,1.37,1.87,2.47,2.77,2.87,3.17,3.67,4.17,4.37,4.37,4.37,4.57,4.97,5.27,5.57,5.67,5.27,4.37,3.87,3.97,3.97,3.87,3.87,3.77,3.47,3.27,3.17,3.07,3.07,2.67,2.17,1.67,1.17,0.47,-0.23,-0.83,-1.33,-1.73,-2.13,-2.43,-2.43,-2.23,-1.53,-0.23,1.57,3.37,5.47,6.87,6.87,5.17,3.57,2.77,1.97,1.57,1.57,1.87,2.17,2.47,2.97
-3.13,-3.13,-3.43,-3.73,-3.93,-4.13,-4.23,-4.43,-4.73,-4.63,-4.33,-3.93,-3.73,-3.23,-2.63,-1.93,-1.43,-1.03,-0.63,-0.23,0.27,0.77,1.27,1.77,2.47,3.07,3.47,3.77,4.17,4.47,4.77,4.97,5.17,5.07,4.87,4.87,5.07,5.17,5.07,4.97,4.57,3.97,3.07,2.27,1.87,1.77,1.77,1.97,2.27,2.57,2.97,3.17,3.37,3.67,4.17,4.27,3.87,3.67,3.47,2.07,0.67,0.77,0.67,0.67,1.17,1.87,2.57,4.17,5.77,7.47,7.87,4.17,2.67,3.27,3.47,2.97,1.07,0.47,0.87,0.77,0.37
-3.23,-3.03,-2.83,-2.63,-2.43,-2.03,-1.73,-1.43,-1.23,-1.03,-0.93,-0.83,-0.73,-0.73,-0.73,-0.63,-0.43,-0.33,-0.03,0.47,1.07,1.77,2.37,2.97,3.37,3.87,4.27,4.97,5.57,6.07,6.67,7.57,8.07,8.17,7.77,7.47,7.17,6.77,6.27,5.67,4.97,4.47,4.07,4.17,4.57,4.97,5.17,5.07,4.87,4.67,5.07,4.87,4.07,2.97,2.77,2.77,2.07,1.57,0.87,-0.03,-0.53,-1.53,-2.93,-3.03,-2.33,-1.03,0.47,1.67,2.57,2.67,1.87,0.57,-0.23,-0.23,-0.23,-0.53,-0.73,-0.73,-0.63,-0.43,-0.43
2.47,1.97,1.67,1.37,2.07,2.77,3.57,4.07,4.77,5.37,5.67,5.57,5.37,5.27,5.27,5.37,5.37,5.07,4.47,3.37,2.47,1.57,0.97,0.97,1.37,1.97,2.77,3.87,5.07,6.17,7.07,7.67,7.47,7.17,6.77,6.47,6.27,6.07,5.97,5.77,5.27,4.87,4.17,3.67,3.17,2.87,2.67,2.57,2.07,0.87,1.07,1.07,1.27,1.67,2.87,3.97,4.37,3.37,2.67,2.37,2.27,2.37,2.37,2.37,2.27,2.17,2.07,1.87,1.77,1.67,1.57,1.27,0.97,0.57,0.17,-0.23,-0.53,-0.83,-1.13,-1.23,-1.33
0.57,0.67,1.07,1.47,1.77,2.07,2.37,2.67,2.97,3.27,3.57,3.77,4.07,4.27,4.47,4.77,5.07,5.17,5.27,5.17,4.97,4.57,4.17,3.77,3.47,3.27,3.07,3.07,3.07,3.17,3.27,3.37,3.57,3.77,3.77,3.87,3.97,3.97,4.17,4.37,4.47,4.37,4.07,3.67,3.17,2.87,2.67,2.87,3.27,3.57,3.97,4.37,4.67,4.97,5.07,5.17,5.17,5.27,5.27,5.27,5.07,4.87,4.57,4.17,3.87,3.47,3.07,2.77,2.57,2.37,2.17,1.97,1.87,1.77,1.57,1.47,1.37,1.27,1.07,0.77,0.57
3.67,3.57,3.57,3.47,3.47,3.57,3.57,3.57,3.57,3.47,3.47,3.47,3.47,3.47,3.57,3.57,3.57,3.67,3.87,3.97,4.07,4.17,4.17,4.17,4.17,4.17,4.07,4.07,4.07,4.07,4.07,3.97,3.77,3.57,3.47,3.37,3.17,3.17,3.07,3.07,3.17,3.27,3.47,3.57,3.67,3.87,3.97,4.07,4.07,4.17,4.27,4.37,4.37,4.37,4.47,4.47,4.57,4.67,4.77,4.87,4.97,4.97,5.07,4.97,4.87,4.77,4.57,4.37,4.17,3.97,3.77,3.57,3.27,3.07,2.87,2.67,2.47,2.37,2.17,1.97,1.77
4.17,4.17,4.17,4.17,4.17,4.07,4.07,3.97,3.97,3.97,3.97,3.97,4.07,4.07,4.07,4.17,4.17,4.17,4.17,4.17,4.07,4.07,3.97,3.97,3.87,3.77,3.67,3.57,3.47,3.47,3.37,3.27,3.27,3.17,3.07,2.97,2.87,2.87,2.77,2.67,2.57,2.47,2.37,2.37,2.27,2.27,2.27,2.17,2.17,2.17,2.17,2.07,2.07,2.07,2.07,2.07,2.17,2.17,2.17,2.27,2.37,2.37,2.47,2.47,2.57,2.57,2.57,2.67,2.67,2.77,2.77,2.77,2.77,2.77,2.67,2.67,2.57,2.57,2.47,2.27,2.17
3.07,3.07,2.97,2.97,2.87,2.87,2.87,2.87,2.77,2.77,2.77,2.77,2.77,2.77,2.67,2.67,2.67,2.67,2.67,2.67,2.67,2.57,2.57,2.57,2.47,2.47,2.47,2.47,2.37,2.37,2.27,2.27,2.17,2.07,2.07,1.97,1.97,1.87,1.77,1.77,1.67,1.57,1.57,1.47,1.37,1.37,1.27,1.17,1.17,1.07,1.07,0.97,0.87,0.87,0.77,0.77,0.67,0.57,0.57,0.47,0.47,0.37,0.27,0.27,0.17,0.17,0.07,0.07,-0.03,-0.13,-0.13,-0.23,-0.23,-0.33,-0.33,-0.43,-0.43,-0.43,-0.53,-0.53,-0.63
