gfs.json
{"header": {"discipline": 0, "disciplineName": "Meteorological products", "gribEdition": 2, "center": "kwbc", "centerName": "US National Weather Service - NCEP(WMC)", "subcenter": 0, "refTime": "2026-04-07T18:00:00.000Z", "significanceOfRT": 1, "significanceOfRTName": "Start of forecast", "productStatus": 0, "productStatusName": "Operational products", "productType": 1, "productTypeName": "Forecast products", "productDefinitionTemplate": 0, "productDefinitionTemplateName": "Analysis/forecast at horizontal level/layer at a point in time", "parameterCategory": 2, "parameterCategoryName": "Momentum", "parameterNumber": 3, "parameterNumberName": "V-component_of_wind", "parameterUnit": "m.s-1", "genProcessType": 2, "genProcessTypeName": "Forecast", "forecastTime": 0, "surface1Type": "sfc", "surface1TypeName": "Unknown", "surface1Value": 10, "surface2Type": 255, "surface2TypeName": "Missing", "surface2Value": 0, "gridDefinitionTemplate": 0, "gridDefinitionTemplateName": "Latitude_Longitude", "numberPoints": 65160, "shape": 6, "shapeName": "Earth spherical with radius of 6,371,229.0 m", "gridUnits": "degrees", "resolution": 48, "winds": "true", "scanMode": 0, "nx": 360, "ny": 181, "basicAngle": 0, "subDivisions": 0, "lo1": 0.0, "la1": 90.0, "lo2": 359.0, "la2": -90.0, "dx": 1.0, "dy": 1.0}, "data":
[rows 72 to 107 of 181, columns 0 to 80 of 360]
-1.21,-0.01,0.29,-1.31,-2.41,-3.21,-4.51,-4.01,-2.71,-1.81,-4.31,-4.61,-4.81,-5.01,-5.01,2.09,0.99,-0.41,-4.11,-6.01,-5.71,-5.51,-4.01,-2.71,-2.11,-3.91,-3.41,-3.31,-5.21,-5.01,-5.71,-5.31,-5.81,-5.71,-5.01,-3.81,-4.01,-3.91,-2.41,-5.91,-4.91,-3.61,0.89,1.49,-0.41,-2.91,-2.01,-2.51,-4.01,-4.61,-4.81,-4.81,-4.21,-4.21,-4.91,-5.01,2.09,3.49,3.59,3.89,2.69,1.59,1.49,1.39,0.29,0.29,0.09,-0.11,0.09,-0.51,-0.31,-1.31,-2.11,-2.71,-0.61,-4.01,-2.21,-1.91,-2.51,-1.11,-0.51
-3.41,-2.91,-0.11,-0.61,-3.71,-4.91,0.79,4.99,0.99,-4.21,-4.71,-4.81,-5.11,-3.81,-0.81,-0.31,-1.41,-3.41,-4.91,-5.21,-6.11,-5.71,-4.51,0.59,-3.51,-2.81,-2.31,-2.71,-4.41,-4.31,-4.91,-4.11,-3.11,-5.91,-7.31,-3.91,-1.61,-3.31,-2.51,-5.91,-5.31,-3.01,-1.31,-0.31,0.89,-1.01,-0.61,-2.21,-4.21,-4.01,3.99,2.79,0.79,-5.91,1.79,3.39,4.49,2.99,2.39,1.99,0.79,1.49,0.49,-0.71,-1.31,-1.61,-1.91,-2.11,-2.01,-2.11,-2.01,-2.31,-3.01,-5.11,0.49,-0.11,-2.11,-2.31,-2.51,-2.01,3.09
-1.91,-2.71,-1.51,-2.01,-3.91,1.39,0.49,-2.01,-2.61,-3.41,-4.81,-5.31,-3.91,-2.41,-2.21,-2.41,-2.51,-3.61,-4.51,-6.31,-7.11,-4.21,-1.71,-4.01,-4.81,-3.71,-2.01,-1.61,-2.71,-5.41,-4.61,-3.01,-5.31,-3.61,-3.41,-6.51,-6.71,-8.51,-1.71,-3.01,-4.51,-3.61,-3.31,-2.41,0.19,-1.41,3.69,4.99,2.59,1.69,1.79,2.29,1.09,3.99,2.69,2.89,1.99,0.59,2.49,1.19,0.09,-0.51,-1.11,-1.61,-2.21,-2.51,-2.71,-2.91,-2.91,-3.51,-3.61,-3.31,-3.51,-4.71,-0.51,0.09,0.99,-0.11,1.39,-0.51,3.09
-2.81,-2.11,-3.41,-0.31,-0.61,0.79,-2.51,-1.61,-3.01,-4.11,-4.81,-4.11,-4.71,-3.01,-2.41,-4.11,-2.81,-5.91,-7.91,-8.71,-3.71,-3.01,-1.11,-3.71,-3.41,1.89,0.59,-4.11,-4.01,4.39,-3.91,-6.81,-4.01,-5.01,-6.51,-3.41,-6.21,-4.31,-4.21,-2.31,-4.01,-4.61,-4.01,-4.21,1.99,5.49,4.79,4.39,5.89,3.29,1.09,0.69,3.29,4.39,3.39,1.89,-1.21,3.59,2.99,1.39,0.49,-0.51,-1.11,-1.51,-2.01,-2.61,-3.41,-4.11,-4.01,-3.71,-4.11,-4.61,-4.91,-5.81,-4.01,-0.31,1.59,0.29,-1.11,-0.01,4.09
-2.31,-3.11,-2.11,-3.81,1.19,-3.41,-2.21,-2.11,-3.21,-3.21,-2.61,-4.41,-3.21,-4.41,-5.31,-5.81,-8.01,-7.91,-5.21,-0.41,0.39,-2.91,-2.01,-3.31,0.69,0.79,-5.11,-2.41,-4.71,-4.61,-7.41,-5.81,-6.31,-7.41,-4.61,-5.61,-2.11,2.39,-5.61,1.29,-1.41,-0.31,-3.51,-4.61,0.39,1.59,0.69,0.59,0.49,0.39,-1.11,1.39,4.59,3.89,2.49,0.19,1.49,1.09,0.69,0.19,-0.81,-1.21,-1.41,-1.81,-2.31,-3.31,-4.01,-4.81,-4.71,-5.01,-5.31,-5.41,-5.61,-5.31,-5.61,0.99,0.09,-2.41,-0.91,1.89,5.19
-3.41,-3.11,-3.01,-2.11,-3.31,-3.31,-0.31,-1.01,-1.81,-3.21,-3.51,-3.71,-2.81,-4.41,-6.31,-5.91,-2.61,-0.51,-1.81,-0.61,1.59,1.79,0.29,-3.91,1.59,0.99,-3.41,-5.51,-5.01,-7.11,-6.01,10.19,6.69,8.39,3.89,-2.51,3.79,1.89,-2.41,0.89,-0.01,-1.61,-4.21,-3.11,1.89,0.29,-1.51,-1.21,-0.41,-0.71,-0.21,2.09,4.69,5.39,-0.61,2.69,2.09,2.79,0.69,-0.51,-1.41,-1.91,-2.41,-2.81,-3.61,-4.01,-4.21,-5.11,-4.91,-5.41,-6.01,-5.91,-5.61,-5.51,-5.81,-1.41,-0.41,-1.61,-0.51,0.49,2.49
-1.21,-3.11,-0.71,-0.21,2.69,-1.91,-3.71,-4.31,-3.71,-4.91,-3.21,-2.61,-3.61,-4.01,-7.31,7.09,0.19,0.89,-2.11,0.29,-0.21,-0.91,3.29,2.59,-2.31,-3.31,-3.21,-1.61,-1.81,4.49,-0.01,-6.01,-7.11,-1.81,0.69,2.39,-1.01,-5.01,1.19,0.89,-1.11,-4.21,-0.61,1.29,0.49,-2.31,-0.21,0.39,0.89,1.39,1.19,-0.61,4.69,4.09,2.69,2.59,2.29,1.99,1.59,-0.41,-1.61,-2.61,-3.01,-3.11,-3.41,-3.91,-4.71,-5.01,-5.81,-6.51,-6.21,-5.91,-5.81,-6.01,-5.71,-7.21,0.09,0.09,1.79,1.99,3.39
-0.61,-1.11,0.19,1.89,0.49,-0.11,3.19,-0.51,-3.61,-0.71,-1.81,-3.11,-4.61,-4.81,2.69,1.59,-1.91,1.19,3.99,-0.91,-0.21,-0.31,-1.91,-1.51,-2.21,-2.31,-2.81,-1.71,-1.01,-3.51,0.69,2.79,3.59,2.19,1.19,-0.41,-0.51,-2.61,-0.11,-0.21,-0.51,5.19,3.29,0.39,1.29,0.09,1.09,-0.91,-0.71,-1.51,-0.31,3.19,4.49,4.49,4.09,2.59,1.19,0.79,0.39,-0.51,-2.01,-3.01,-3.51,-3.91,-4.21,-4.91,-5.31,-5.51,-4.91,-6.61,-6.61,-6.61,-6.01,-5.81,-5.91,-6.01,-1.11,3.09,1.09,2.39,6.49
-2.01,-1.41,1.59,-0.11,-1.61,-4.01,2.09,0.99,0.39,-0.11,-0.61,-1.01,1.39,-0.41,-1.31,-1.11,-0.21,-1.01,0.19,-1.11,-1.41,3.49,1.39,-0.11,-0.01,0.89,0.59,0.89,1.99,2.39,1.09,1.59,1.49,1.89,0.29,0.69,-0.51,-0.01,0.89,1.89,-0.81,-0.31,2.59,2.49,-1.01,-0.71,-0.91,-1.71,4.09,-1.81,5.89,4.39,5.29,5.49,3.59,2.29,0.89,0.09,-0.71,-1.41,-2.01,-2.41,-3.11,-3.81,-4.51,-5.01,-5.11,-5.41,-5.31,-4.51,-5.01,-4.91,-5.31,-5.71,-5.71,-5.21,-4.61,-0.41,1.49,4.39,4.69
-1.31,0.39,1.99,0.19,0.79,1.69,0.29,2.79,1.89,1.39,1.39,0.69,0.39,2.19,-0.31,-1.81,0.69,0.99,1.79,0.99,2.29,3.09,1.79,0.99,-0.01,1.69,1.59,1.89,1.09,0.69,1.49,1.69,0.79,0.29,1.19,1.09,-0.01,0.59,3.49,-0.61,-0.01,-0.11,0.49,-2.91,5.69,-1.91,0.69,0.09,0.59,6.89,4.89,5.79,5.49,4.29,2.59,1.19,0.79,-0.51,-1.31,-1.71,-2.21,-2.31,-2.51,-3.31,-3.71,-4.31,-4.41,-5.01,-5.61,-5.61,-5.21,-5.41,-5.51,-5.51,-5.61,-5.81,-6.31,-0.61,0.39,6.79,2.49
3.39,2.09,1.29,1.29,0.59,1.59,1.99,3.89,3.29,1.99,7.39,2.19,2.09,2.79,1.59,0.89,0.89,1.09,2.79,4.09,2.59,-3.01,-2.01,0.89,0.49,0.99,0.59,0.39,0.09,1.19,1.49,0.69,0.79,-0.41,-0.21,1.29,0.99,0.29,1.89,-0.91,-0.61,0.49,-0.61,0.39,-0.91,2.39,2.29,2.89,4.69,6.39,6.29,6.59,5.39,3.09,1.39,0.79,-0.11,-0.91,-1.61,-1.91,-2.31,-2.71,-3.41,-3.61,-3.61,-3.41,-4.01,-4.61,-4.91,-4.81,-5.11,-5.21,-4.91,-5.11,-5.51,-5.91,-6.51,-7.61,0.09,5.09,1.99
3.29,4.99,5.39,4.89,3.89,2.49,2.29,0.79,1.99,12.19,2.49,0.59,-1.31,0.49,1.09,1.49,1.19,2.49,-0.81,-1.31,-0.71,-1.31,-0.51,-1.71,1.29,0.59,1.49,-0.31,-0.71,0.19,-0.51,-0.11,-1.01,-1.11,-0.51,1.49,-1.21,0.59,-0.01,1.49,0.99,-0.01,2.49,2.99,-0.61,1.69,1.49,2.19,3.99,4.69,6.89,6.29,3.79,2.39,1.19,0.99,0.69,-0.11,-1.31,-2.01,-2.71,-3.11,-3.51,-3.91,-4.51,-5.51,-5.21,-5.11,-5.31,-5.31,-5.41,-5.31,-5.31,-5.01,-5.01,-4.81,-5.41,-4.61,-2.21,-0.11,0.89
4.99,5.29,6.79,5.89,6.39,2.89,2.49,3.69,1.99,-0.71,-1.61,0.59,1.79,-0.31,-0.21,0.39,-0.21,-1.61,-0.31,1.49,0.69,0.99,-0.41,-0.41,-2.11,-2.91,-1.61,0.09,0.79,1.69,0.49,0.69,-1.91,-3.21,-2.51,-2.01,0.09,-0.41,1.19,-0.01,0.59,-0.71,0.69,1.79,1.99,2.29,4.09,6.69,5.69,6.19,6.09,4.89,3.69,3.09,1.69,0.59,-1.01,-0.91,-1.71,-2.61,-3.31,-3.61,-3.81,-4.41,-4.71,-4.91,-5.41,-5.61,-5.41,-5.11,-5.01,-5.11,-4.91,-5.31,-4.41,-4.71,-4.91,-4.11,-3.31,-1.61,-1.01
4.39,4.19,4.09,3.89,3.19,3.29,0.89,1.49,1.79,0.09,0.89,1.29,-3.21,-1.51,-0.71,-1.81,0.09,0.89,2.29,0.49,1.69,1.59,0.79,-0.11,0.39,-0.41,-0.01,-0.61,-1.51,-0.71,0.29,-1.31,-1.91,-2.81,-0.21,1.39,1.59,0.59,-0.11,-0.81,0.29,4.09,4.49,4.59,1.59,3.49,6.49,4.09,6.09,5.59,4.49,3.79,3.19,2.29,1.99,-0.11,-0.21,-0.51,-2.21,-3.21,-4.01,-4.01,-2.71,-2.41,-3.11,-4.01,-4.01,-5.01,-4.31,-4.61,-5.31,-5.01,-4.31,-2.71,-2.11,-3.51,-4.81,-4.21,-2.61,-1.21,-0.81
4.09,4.19,4.39,4.49,4.29,2.89,3.69,2.99,3.59,-0.91,1.79,0.69,-1.31,0.49,-0.41,0.49,1.09,0.29,-0.21,-0.31,0.09,-0.11,0.09,-0.41,0.49,0.29,0.29,-1.81,0.09,0.19,-0.71,-0.71,-1.11,1.19,-0.71,1.39,3.99,3.69,0.89,2.49,2.99,2.49,-0.11,0.49,-0.91,7.79,7.29,5.49,4.89,3.99,3.49,2.79,1.99,1.59,1.49,0.69,-0.01,0.19,0.59,-1.01,-1.21,-2.01,-2.81,-2.41,-3.01,-2.71,-2.71,-2.91,-2.81,-2.51,-2.71,-2.31,-1.71,-2.01,-2.11,-2.81,-1.41,-1.71,-1.21,-0.81,-1.71
3.89,4.19,4.29,4.19,4.19,4.29,3.89,3.59,2.69,3.59,3.29,-0.11,1.09,-0.01,-0.11,0.69,0.39,0.49,-0.01,0.69,0.79,0.79,0.59,-0.21,-0.11,-0.01,-0.91,0.29,0.59,0.49,-0.41,-0.61,0.99,-0.41,-2.91,-1.81,0.59,4.29,1.29,-2.71,-1.21,-1.41,-1.81,-2.41,5.79,6.59,5.09,6.09,4.19,3.39,2.79,2.39,1.99,1.79,1.69,1.29,0.39,-0.11,0.29,0.09,-1.21,-1.61,-2.61,-2.31,-2.61,-2.11,-1.61,-1.71,-1.91,-2.41,-2.11,-2.31,-1.91,-1.41,-0.91,-1.11,-1.11,-0.51,-0.81,-0.81,-0.21
4.49,4.59,4.59,4.79,3.89,2.99,1.79,2.89,3.89,3.49,0.89,0.09,0.49,0.79,0.29,0.79,0.49,0.29,0.99,0.89,0.29,-0.11,-0.01,0.89,0.29,1.29,0.19,-1.21,-1.51,-1.11,-0.41,-1.81,-0.51,1.09,1.99,-3.21,1.59,-1.41,-2.81,-1.61,1.29,0.29,3.89,5.69,3.69,4.89,5.89,4.89,3.79,2.89,2.29,1.69,1.09,1.49,1.19,0.99,1.09,1.19,-0.01,-0.51,-0.41,-0.71,-1.21,-1.01,-1.11,-1.21,-1.81,-1.71,-1.61,-1.91,-1.21,-1.01,-0.61,-0.81,-0.81,-1.31,-0.31,-0.51,0.09,0.79,1.09
4.29,4.19,5.29,4.89,3.59,0.59,1.89,1.99,4.09,4.09,0.09,-0.31,0.59,0.59,-0.21,0.39,0.69,0.59,0.99,0.49,0.39,-0.21,0.19,0.69,1.09,0.89,1.09,-0.71,-0.31,0.89,-1.31,0.79,0.99,1.79,2.99,-1.21,2.69,2.09,5.19,4.89,3.59,6.29,5.29,2.09,3.49,4.99,4.79,3.89,3.69,3.59,2.89,1.99,0.79,0.39,0.99,0.99,0.69,-0.11,0.19,0.49,0.59,0.59,0.69,-0.41,-0.51,-0.11,-0.21,-0.91,-1.21,-1.51,-1.31,-1.21,-1.01,-0.81,-0.61,-0.01,0.09,0.59,0.49,0.19,0.79
3.79,3.49,3.29,5.39,6.09,2.49,1.69,4.29,4.09,3.79,0.99,0.29,0.19,-0.41,0.49,0.49,1.39,0.89,-0.01,-1.01,0.59,-0.71,1.09,0.39,0.19,-0.51,-0.91,-0.11,3.39,0.49,-1.51,0.99,0.99,1.99,-0.21,-0.91,1.59,2.29,-1.91,0.99,4.09,5.49,2.59,3.99,4.99,3.59,2.99,3.59,3.59,2.79,2.99,1.89,0.99,0.79,0.59,0.69,1.39,1.49,0.39,0.79,0.99,1.09,1.99,2.19,1.89,0.49,0.39,0.09,-0.51,-0.41,-0.91,-0.51,-0.51,-0.31,-0.61,-0.01,0.29,0.59,0.69,0.69,0.69
3.59,2.59,1.39,1.09,1.89,4.59,4.49,2.59,3.89,2.29,2.89,2.29,1.09,1.19,0.29,-0.21,-1.21,-0.61,-0.01,-0.11,-0.21,0.49,1.09,0.39,-0.01,0.39,0.59,0.09,0.49,0.49,1.29,0.19,-1.61,-1.81,-1.81,-1.71,-0.91,-0.41,2.19,3.29,6.09,2.59,3.49,4.09,2.39,3.09,2.79,3.29,3.79,2.89,2.19,2.09,0.79,0.19,-0.21,-0.01,0.09,0.29,1.39,1.89,1.89,2.09,1.89,1.49,1.69,1.59,1.29,0.29,-0.81,-0.81,-0.31,-0.21,0.29,0.29,0.09,0.09,-0.11,-0.51,-0.41,0.39,-0.21
3.49,2.89,1.09,-0.51,1.59,1.19,3.29,1.69,2.39,2.79,1.09,0.99,0.89,0.49,0.09,0.39,-1.21,-1.11,0.19,0.79,-0.01,0.19,-0.91,-0.31,0.39,0.39,0.39,-0.21,2.49,-0.61,-0.71,-0.31,-1.81,-1.51,-0.91,-0.01,-1.21,-0.71,-2.01,3.29,4.19,2.49,4.29,2.89,2.59,2.09,1.99,1.49,2.49,1.49,2.19,1.29,1.49,0.89,0.39,0.59,0.19,0.89,1.59,2.39,2.39,2.19,2.49,2.79,2.79,1.99,1.49,0.39,-0.41,-0.91,-0.81,-0.31,0.49,1.19,0.89,0.29,0.19,-0.01,0.09,0.39,1.09
1.89,2.59,1.99,-0.51,-2.01,-1.91,-0.51,0.09,-0.81,3.79,3.59,0.69,1.19,-0.01,0.89,0.39,0.69,-0.41,0.39,0.39,-0.41,-0.81,-0.61,0.29,0.39,0.19,0.99,-0.01,-1.21,1.79,0.09,-0.81,-0.41,0.69,0.59,2.89,0.69,0.69,-2.01,5.99,2.89,3.69,2.59,1.99,2.19,2.09,1.89,1.39,2.19,0.69,1.29,-0.41,1.09,0.29,0.79,0.19,0.99,2.49,3.49,3.09,3.49,3.09,3.09,4.39,3.29,2.09,1.19,0.49,-0.21,-0.11,0.19,1.39,1.99,2.29,2.09,2.29,2.29,2.69,3.19,2.59,1.59
3.09,2.59,1.79,1.49,1.39,0.69,1.49,0.49,2.19,2.89,2.39,2.09,-1.21,-0.01,1.59,-0.91,0.49,-0.61,-1.01,-0.61,0.39,-0.01,-0.61,0.29,0.49,1.29,0.89,1.09,-1.61,-1.41,-1.21,-0.71,-2.21,1.09,2.29,1.89,2.49,1.69,1.69,3.19,4.99,3.79,2.09,1.39,2.49,1.99,1.89,1.09,1.29,1.99,1.19,0.69,0.49,0.89,1.29,1.69,2.39,2.99,3.49,4.09,3.69,3.39,3.09,3.99,2.09,1.09,0.79,0.69,0.09,0.69,1.49,2.19,3.39,2.39,3.09,2.49,3.19,0.99,0.79,0.99,2.59
2.89,3.49,1.99,1.69,1.39,1.89,2.29,2.39,1.89,1.69,2.89,3.39,3.19,-0.21,-1.51,1.09,0.99,-0.51,0.89,0.89,0.59,0.99,-0.61,0.09,0.69,0.79,2.09,0.89,0.39,-0.71,-0.11,0.89,0.19,-1.31,0.39,-0.61,-1.01,1.49,2.89,2.39,4.49,2.89,0.79,1.19,1.89,1.79,1.89,1.19,0.59,0.79,1.19,0.99,1.09,0.99,0.99,1.59,2.39,3.59,4.29,4.39,4.19,2.49,3.39,-0.81,-0.61,-0.11,0.29,1.39,0.69,1.59,2.39,2.99,3.49,3.69,3.89,3.09,3.39,3.49,3.19,3.49,1.69
3.89,3.69,3.59,3.49,2.89,2.69,2.29,3.09,2.69,3.19,3.09,3.29,4.99,2.49,-1.01,-0.21,-0.41,-0.21,-0.21,0.69,0.99,-0.21,0.29,0.89,0.69,0.69,0.69,0.19,0.99,0.99,1.29,-0.11,0.09,-0.21,1.29,1.09,0.39,1.09,-0.01,4.29,4.39,2.49,0.49,0.69,1.19,0.69,0.79,1.69,1.89,1.89,0.79,0.59,0.39,1.49,2.09,2.19,2.59,3.69,4.09,4.59,5.19,3.89,3.09,2.29,2.49,1.89,1.39,1.29,1.29,1.69,1.99,2.39,3.19,4.39,4.39,4.49,4.19,3.69,3.39,2.99,1.49
4.99,4.49,3.59,3.79,4.39,4.29,3.29,2.29,3.69,4.29,3.69,3.29,3.99,1.99,1.19,0.19,0.19,-0.41,-0.61,0.29,-0.91,0.59,1.19,0.99,-0.21,-0.21,0.69,0.09,0.79,0.59,3.49,1.49,0.79,0.39,0.09,0.59,1.09,1.09,0.79,2.29,5.39,2.69,1.29,1.29,1.79,2.89,2.19,2.39,2.49,1.79,0.99,0.79,0.09,2.39,2.09,1.69,2.89,2.79,3.59,4.89,4.89,4.79,4.39,4.69,3.59,2.49,1.49,1.19,1.69,2.19,2.59,2.29,3.69,3.69,4.09,4.49,4.59,4.49,4.09,2.79,1.79
4.09,4.19,4.49,4.09,3.19,3.09,3.79,3.19,3.49,3.39,3.49,3.89,3.29,3.19,0.29,-0.41,0.29,0.29,0.79,-0.31,-0.21,0.09,0.69,0.79,0.39,0.49,0.19,1.29,1.49,0.79,-1.21,-1.11,2.39,-0.11,0.29,1.79,1.09,-1.61,1.09,1.59,5.59,3.69,1.69,2.49,2.49,2.69,2.69,2.59,2.39,2.69,2.09,0.79,0.89,1.79,2.09,1.69,2.79,2.99,3.59,3.99,4.59,4.39,3.99,4.19,3.69,3.09,2.79,2.99,2.59,1.99,1.59,2.99,2.59,2.89,3.19,2.59,2.29,2.69,2.49,2.59,2.49
5.29,5.19,4.79,4.89,3.39,2.89,2.59,2.79,1.49,1.99,2.79,2.79,2.49,3.09,0.69,1.89,0.39,1.49,-0.01,-0.41,-0.51,0.39,0.49,0.79,-0.51,0.09,-0.21,0.09,1.69,1.09,1.49,0.29,-0.11,0.89,1.69,0.79,-0.01,1.49,0.49,1.39,7.29,5.79,2.69,2.99,3.79,3.39,4.69,3.89,4.69,5.09,4.29,3.39,2.79,2.39,3.59,3.59,2.79,3.89,4.39,4.79,4.69,4.49,4.89,4.89,4.99,3.99,0.59,1.09,1.79,3.09,3.49,2.59,2.99,3.39,3.39,2.49,3.69,3.89,2.79,1.39,1.19
4.99,5.09,5.79,5.19,5.29,3.59,4.39,1.89,3.69,3.99,3.89,3.79,2.39,1.89,2.09,0.49,-0.01,-0.81,0.29,0.29,-0.01,1.49,1.09,0.09,1.19,0.99,1.59,1.89,0.09,1.19,1.39,0.49,1.89,-1.21,1.59,-0.61,0.29,1.69,1.89,1.49,6.59,6.29,3.59,3.49,3.99,3.89,4.19,5.59,6.09,6.69,6.19,5.89,5.79,4.39,3.99,2.79,3.39,3.79,4.49,4.79,5.39,4.59,4.49,5.29,5.49,3.69,0.59,0.69,2.39,2.79,2.59,3.19,3.39,2.39,2.69,3.09,3.99,4.49,2.89,0.69,1.09
3.99,4.09,4.49,4.99,5.49,4.49,4.69,5.89,4.69,4.49,3.99,3.89,0.89,2.29,1.69,-0.51,-1.41,0.79,-0.11,0.59,0.69,1.29,1.59,1.19,0.09,1.19,1.29,1.89,0.09,0.69,0.69,1.49,2.09,1.39,-0.21,1.09,0.29,0.79,0.79,-0.21,2.09,7.39,4.29,4.59,2.79,2.29,3.59,2.69,6.19,7.09,8.49,7.49,6.69,6.09,4.69,4.19,3.39,3.89,3.99,3.99,4.89,4.19,4.29,4.29,4.29,2.69,2.09,1.89,2.39,1.89,2.39,1.99,3.09,3.19,2.79,2.19,3.89,4.69,3.29,0.99,1.39
2.69,3.39,3.79,4.39,4.99,4.59,4.99,5.19,5.19,5.89,5.19,4.89,0.59,1.39,0.39,0.19,-1.31,-1.41,-0.61,0.09,0.29,1.99,1.09,0.59,0.89,-0.21,-0.11,0.29,1.69,2.09,1.89,1.79,-0.01,1.49,0.69,-0.61,0.89,1.59,1.09,1.09,1.39,6.89,5.79,4.49,4.29,5.49,4.09,2.29,-0.41,7.09,8.79,8.69,7.89,6.59,5.29,3.39,3.19,3.39,4.69,4.59,3.99,2.89,3.59,4.29,3.39,3.59,3.89,2.69,1.79,1.89,1.89,1.29,1.79,2.89,3.29,3.19,3.89,3.69,2.89,2.39,1.49
4.19,4.49,4.59,4.19,4.39,4.59,4.89,5.89,5.99,5.39,4.29,4.69,3.89,1.29,0.89,0.69,-1.31,-1.01,0.29,0.39,-0.01,-0.81,0.69,-0.11,0.19,0.89,0.59,0.19,1.49,1.89,1.19,1.49,1.29,-0.41,1.29,-0.11,0.29,1.19,1.89,1.49,1.99,7.49,5.69,4.09,4.29,4.69,3.09,0.69,0.49,-1.01,10.29,9.49,8.19,6.99,4.49,3.29,2.79,2.49,2.89,3.29,3.59,4.19,1.99,3.09,3.69,3.69,3.69,2.99,1.79,2.89,2.29,1.59,2.19,3.09,3.99,3.89,4.59,4.09,2.49,2.49,2.19
5.09,5.09,4.89,4.69,5.49,5.99,5.69,5.39,5.39,5.19,5.49,4.29,3.29,-0.41,0.09,0.19,-0.11,0.59,0.89,1.09,1.59,0.79,0.29,0.09,-0.11,0.39,0.49,0.89,1.49,1.69,1.09,1.09,3.19,0.49,0.79,4.69,0.39,-0.51,0.59,1.29,1.59,7.29,5.49,4.29,4.59,3.89,2.19,-0.51,-2.11,1.09,1.79,9.49,7.99,6.79,5.99,4.49,3.39,2.49,1.89,2.29,3.29,4.09,1.49,2.09,2.59,2.99,1.69,2.49,1.09,3.69,2.19,2.69,2.39,2.89,3.29,3.29,2.79,4.09,4.19,4.49,4.09
5.09,5.79,5.59,5.19,4.99,5.79,6.19,5.79,5.89,5.99,6.29,6.49,5.39,0.49,0.19,1.09,0.09,-0.11,-0.41,1.29,1.99,1.89,1.39,0.29,0.19,-0.11,1.39,0.49,0.89,1.49,1.29,0.29,0.99,0.69,1.39,1.69,2.19,1.29,1.69,1.49,1.69,6.89,6.49,5.09,4.59,3.89,2.29,3.59,0.49,0.09,1.29,8.09,6.89,5.89,5.79,4.29,3.49,2.09,1.39,1.49,2.29,2.59,3.79,2.19,1.89,3.89,2.39,1.99,0.89,2.09,3.39,3.09,2.79,2.69,2.29,2.89,2.59,2.59,3.39,3.99,3.59
4.99,5.29,5.99,5.39,5.29,5.39,5.69,5.99,6.29,6.79,6.99,7.89,4.09,-3.21,-1.11,-1.71,-0.61,-1.41,-0.91,-1.11,-0.61,-0.31,0.29,1.29,-0.61,0.19,1.99,2.29,1.49,0.09,0.19,1.19,1.59,2.09,0.99,0.19,0.29,0.59,1.29,1.19,1.79,6.19,6.09,5.69,5.49,4.89,-0.21,0.79,0.99,1.49,4.39,6.09,4.99,5.69,5.89,5.19,3.89,4.19,3.39,1.59,1.19,1.99,2.19,2.29,1.99,3.09,1.69,1.69,0.89,3.09,2.39,2.99,1.19,1.39,2.09,2.59,1.89,3.19,2.29,2.19,3.09
2.89,4.59,4.59,5.09,4.99,5.19,5.99,6.39,6.59,6.59,7.69,7.69,3.09,-0.41,-4.71,-3.71,-3.81,-3.51,-2.41,-1.91,-0.51,0.19,1.19,0.29,1.49,0.79,0.79,-0.01,-0.11,-1.31,-0.51,-1.71,1.39,3.59,4.09,1.99,1.59,1.19,1.19,3.59,4.69,4.89,5.09,5.69,6.59,1.59,1.59,0.89,-0.81,0.29,3.99,4.99,5.09,5.79,5.79,5.09,3.79,3.19,3.19,2.69,2.39,1.39,1.49,2.69,1.49,2.19,-0.31,0.19,1.19,0.89,1.19,-0.11,1.59,1.99,1.69,2.49,1.59,2.69,2.59,1.99,1.59
