gfs.json
{"header": {"discipline": 0, "disciplineName": "Meteorological products", "gribEdition": 2, "center": "kwbc", "centerName": "US National Weather Service - NCEP(WMC)", "subcenter": 0, "refTime": "2026-04-09T06:00:00.000Z", "significanceOfRT": 1, "significanceOfRTName": "Start of forecast", "productStatus": 0, "productStatusName": "Operational products", "productType": 1, "productTypeName": "Forecast products", "productDefinitionTemplate": 0, "productDefinitionTemplateName": "Analysis/forecast at horizontal level/layer at a point in time", "parameterCategory": 2, "parameterCategoryName": "Momentum", "parameterNumber": 3, "parameterNumberName": "V-component_of_wind", "parameterUnit": "m.s-1", "genProcessType": 2, "genProcessTypeName": "Forecast", "forecastTime": 0, "surface1Type": "sfc", "surface1TypeName": "Unknown", "surface1Value": 10, "surface2Type": 255, "surface2TypeName": "Missing", "surface2Value": 0, "gridDefinitionTemplate": 0, "gridDefinitionTemplateName": "Latitude_Longitude", "numberPoints": 65160, "shape": 6, "shapeName": "Earth spherical with radius of 6,371,229.0 m", "gridUnits": "degrees", "resolution": 48, "winds": "true", "scanMode": 0, "nx": 360, "ny": 181, "basicAngle": 0, "subDivisions": 0, "lo1": 0.0, "la1": 90.0, "lo2": 359.0, "la2": -90.0, "dx": 1.0, "dy": 1.0}, "data":
[rows 108 to 143 of 181, columns 0 to 80 of 360]
4.18,4.38,4.28,4.38,4.58,4.78,4.88,5.68,5.78,5.78,5.28,2.48,-1.32,-5.32,-1.42,-1.32,-1.02,-0.72,-0.82,-0.12,-0.32,0.18,0.08,0.08,0.08,-0.02,0.88,0.28,0.48,1.58,1.28,1.18,3.28,3.18,2.98,2.28,2.28,4.28,7.68,6.78,6.58,4.58,2.48,-0.92,-3.92,-1.22,1.98,1.98,2.78,1.98,7.28,5.28,4.88,4.38,4.98,5.58,5.28,5.88,4.38,4.08,2.08,0.28,1.88,1.38,0.38,1.98,0.08,0.38,2.18,2.28,2.48,0.38,0.58,0.78,0.28,1.28,-0.02,1.98,2.88,2.78,2.98
3.98,4.18,4.68,4.38,4.78,5.18,5.38,6.08,6.18,6.38,5.08,3.28,0.18,-7.02,-7.32,-1.22,-2.02,-0.82,-0.22,-0.72,-0.12,0.08,-0.12,0.58,0.08,0.08,0.08,0.08,1.08,1.48,1.88,2.18,-0.62,0.88,1.78,2.48,8.28,8.88,7.98,6.68,5.38,5.68,4.18,1.28,-5.02,-1.72,0.28,1.08,1.68,1.48,4.48,5.98,4.58,3.88,4.48,5.28,4.78,4.08,5.68,5.58,4.48,2.38,1.18,1.38,1.18,0.88,1.78,0.38,1.28,1.88,1.08,0.88,0.68,0.68,-0.12,-0.32,0.08,2.18,1.68,2.98,2.48
2.48,4.08,4.58,4.68,4.28,4.48,5.08,5.58,6.08,5.78,6.08,4.68,2.48,0.28,-4.92,-4.82,-2.62,-1.62,-1.92,-1.02,-1.92,-0.92,-1.02,-0.22,0.18,-0.62,-0.72,-0.72,-0.02,1.18,1.18,1.68,2.98,0.48,2.48,7.18,6.78,7.38,7.38,7.38,7.38,7.18,4.18,-1.42,-4.02,-1.52,0.38,1.08,0.58,3.48,2.98,4.38,5.18,4.48,5.88,3.78,5.18,3.18,4.98,4.28,5.28,3.88,2.88,0.58,0.58,0.08,0.28,-0.12,-0.12,0.98,0.38,-0.02,0.48,0.88,0.88,-1.02,-0.12,1.78,0.38,1.18,2.58
2.98,3.98,3.98,4.28,4.18,4.48,4.88,5.68,6.78,6.78,5.58,5.88,4.78,0.68,-3.32,-2.02,-3.92,-2.32,-0.62,-2.22,-2.22,-1.62,-0.32,-1.42,-1.12,-0.22,0.18,-0.22,-0.12,1.28,0.68,0.88,1.78,1.68,2.28,3.38,5.68,5.28,7.38,7.78,7.38,7.58,4.18,-0.42,-1.52,-1.02,-0.52,-0.02,-0.02,1.48,2.28,2.38,2.98,3.88,4.48,4.78,7.18,3.68,3.68,4.48,5.08,5.68,4.18,2.08,0.58,-0.42,0.08,-0.52,-0.72,-0.32,0.38,-3.22,-0.62,0.38,2.28,-0.92,-0.82,1.38,2.08,0.78,0.78
1.38,2.48,3.78,3.88,3.98,4.28,4.28,4.88,6.18,6.48,6.48,5.68,4.68,3.28,2.18,-3.82,-3.62,-2.22,-3.12,-4.82,-2.22,-2.42,-1.62,-1.62,-1.62,-2.02,-2.02,-1.02,-0.82,-0.62,0.48,2.38,2.28,2.28,2.58,3.08,4.98,5.18,5.58,7.18,7.58,8.38,4.98,-0.02,-0.12,-0.62,1.98,0.88,0.58,5.58,1.48,5.58,2.28,3.18,3.08,3.58,4.28,4.98,5.28,3.08,3.58,3.58,5.08,4.08,2.48,1.38,-0.32,-0.52,-1.52,-1.82,-0.82,-0.72,-1.22,-0.72,0.38,1.28,-0.12,-1.22,-1.82,-0.52,-0.82
2.38,-1.22,1.08,3.88,4.18,4.08,4.58,4.58,5.38,6.38,6.08,5.18,4.38,3.48,2.08,-0.02,-1.62,-1.82,-2.62,-5.02,-5.42,-4.12,-3.82,-2.92,-2.82,-1.92,-2.12,-2.62,-1.52,1.68,1.18,1.68,2.68,2.38,2.28,2.38,4.88,5.38,4.88,5.98,7.38,7.28,6.38,6.28,-1.22,-1.62,-0.92,-0.02,-0.22,3.48,4.58,5.78,6.48,3.78,4.28,3.58,3.68,4.58,5.28,4.38,3.48,3.08,3.68,4.38,5.08,4.78,2.08,-1.92,-0.62,-1.82,-1.72,-2.42,-3.32,-2.52,-2.72,-2.32,-1.72,-2.22,-2.32,-1.62,-1.82
0.18,1.48,2.08,3.68,3.78,3.78,4.18,4.58,4.88,6.48,6.38,5.88,4.38,3.58,3.88,-0.72,0.28,-2.92,0.08,-5.12,-7.22,-6.02,-4.92,-5.12,-4.22,-2.32,-2.22,-1.02,0.68,1.08,-0.02,-0.72,0.88,1.98,1.58,1.68,4.68,4.38,4.38,4.78,5.68,6.58,5.58,5.58,0.38,0.78,0.58,0.18,2.98,3.18,5.08,5.28,4.78,4.98,5.28,6.18,5.58,4.38,3.28,4.48,4.68,3.78,4.18,4.08,4.18,4.68,5.08,3.68,-2.32,-1.12,-2.32,-2.22,-3.92,-4.42,-3.52,-3.82,-4.82,-3.02,-0.62,-3.22,-2.02
0.18,-0.62,0.98,0.68,3.78,3.38,3.48,4.38,4.28,4.58,6.58,4.98,3.68,3.48,3.28,-0.92,-0.42,-1.02,-1.32,-3.12,-5.72,-7.12,-5.52,-5.32,-5.82,-4.92,-0.72,-0.02,0.28,-0.62,-0.32,-0.22,-0.52,0.38,1.68,2.48,4.08,4.58,3.88,4.18,4.48,4.58,4.78,3.68,3.88,1.88,2.28,-0.32,2.48,3.28,4.58,4.88,4.08,4.48,5.28,5.98,5.98,7.38,7.08,5.48,7.08,4.78,4.78,5.08,4.18,3.98,3.88,3.98,3.68,0.48,-2.62,-0.62,-0.92,-5.62,-5.22,-4.82,-5.12,-4.62,-4.42,-3.12,-5.02
0.58,-0.52,-0.42,2.48,2.98,2.88,4.08,3.68,4.18,4.28,4.48,4.48,4.28,2.78,2.18,-1.12,-1.12,-1.42,-1.92,-1.62,-3.62,-5.82,-6.32,-5.92,-4.22,-4.12,-4.92,-1.42,-0.12,1.58,1.18,0.28,-1.02,-0.72,0.58,1.28,1.88,1.38,2.58,3.08,3.18,3.28,3.48,3.48,2.18,1.28,1.38,1.78,2.48,3.38,4.08,4.28,4.58,5.08,4.58,4.18,6.38,6.08,7.38,7.38,7.58,7.28,7.98,6.98,4.58,4.58,2.88,3.08,3.08,3.08,2.48,-2.52,-2.12,-2.62,-5.72,-4.82,-5.92,-6.62,-5.72,-4.02,-2.32
-1.02,-0.42,0.38,-0.02,0.28,2.48,3.18,3.58,3.38,3.18,3.98,3.78,3.48,3.28,2.68,2.98,-1.12,-1.32,-1.72,-3.12,-5.92,-5.02,-4.72,-5.02,-5.42,-3.92,-4.72,-2.62,-1.42,0.48,0.58,-0.72,-1.82,-3.12,-1.52,-0.62,0.18,1.68,0.88,2.48,2.18,2.58,1.08,2.18,2.08,2.08,1.88,2.08,2.78,2.98,3.08,3.78,3.78,5.28,4.58,3.28,4.38,5.38,5.28,5.78,6.18,7.38,6.98,7.18,7.58,6.48,5.58,4.48,1.18,1.58,1.98,0.98,-1.92,-3.62,-4.22,-4.72,-5.72,-6.42,-5.22,-6.02,-5.22
-3.12,-2.02,-1.32,-1.22,0.88,1.78,0.78,2.78,2.68,2.38,3.18,2.98,2.98,2.48,2.28,0.78,-1.62,-1.72,-3.12,-3.12,-4.52,-5.62,-5.72,-4.82,-5.32,-4.02,-2.72,-1.52,1.38,-0.92,-0.62,-0.42,-2.32,-5.62,-3.52,-2.52,-0.92,-0.02,1.48,0.28,0.18,0.88,1.28,1.38,1.58,1.88,2.68,2.08,2.98,3.38,2.88,3.98,4.18,3.88,3.98,4.88,4.48,4.98,5.18,4.78,4.88,5.58,6.18,5.98,5.78,6.38,7.68,6.28,6.08,1.98,0.38,0.28,0.08,-2.72,-4.02,-5.12,-5.82,-6.82,-6.32,-5.02,-4.52
-4.72,-3.52,-2.12,-2.12,0.88,-0.02,0.78,0.98,1.88,1.38,2.78,3.08,2.88,2.78,2.48,0.68,0.18,-0.62,1.18,-0.22,-3.82,-5.42,-2.02,-6.42,-4.12,-3.12,-2.52,-0.92,-0.02,1.08,-0.42,-1.02,-6.82,-6.32,-5.42,-4.02,-2.42,-0.92,-0.62,-0.32,-0.02,1.28,1.28,0.98,1.48,1.68,1.88,2.58,3.48,3.78,3.38,3.18,3.88,4.38,4.88,4.88,5.58,5.08,5.68,5.98,5.08,5.38,5.38,5.28,4.98,4.98,5.58,5.88,6.98,6.98,4.98,0.58,-1.32,-1.22,-4.02,-5.82,-6.22,-6.92,-7.32,-7.42,-6.52
-6.42,-4.92,-4.02,-2.92,0.78,-1.02,-1.42,0.28,1.48,1.98,3.48,4.18,3.38,4.08,2.28,1.08,-0.62,-1.52,0.38,-4.92,-5.32,-4.42,-5.12,-3.62,-4.52,-4.32,-3.92,-1.72,-0.32,-0.72,-0.82,-3.62,-9.52,-7.52,-6.22,-4.22,-2.92,-1.82,-2.02,-0.62,-1.22,-0.02,0.68,0.98,1.68,2.38,2.78,2.98,3.08,3.68,4.68,4.08,4.78,4.48,4.58,4.78,5.18,5.38,5.38,4.48,4.68,4.08,4.18,3.78,4.48,4.28,4.08,4.48,3.68,5.48,6.68,5.08,0.98,-3.02,-3.02,-5.52,-7.72,-7.12,-6.42,-7.32,-6.82
-7.82,-6.42,-5.32,-3.82,-1.92,-2.02,0.28,-0.72,0.88,1.98,3.78,4.38,4.18,4.48,4.28,3.68,-0.32,-3.42,-0.62,-0.82,-3.92,-4.22,-5.72,-4.52,-4.72,-5.02,-3.72,-1.82,-1.72,-1.62,-1.32,-10.82,-8.32,-8.02,-6.42,-5.32,-4.12,-3.52,-1.92,-1.02,-1.62,-1.12,-0.72,1.08,1.08,1.48,2.48,2.88,3.28,3.78,4.78,4.88,3.78,4.08,4.08,3.88,4.28,4.98,4.58,4.18,3.98,2.88,2.68,2.38,2.38,2.08,2.98,2.58,1.88,2.98,2.88,4.88,5.78,0.48,-3.82,-4.62,-6.72,-7.12,-6.22,-6.62,-6.92
-9.72,-8.32,-7.02,-5.52,-4.22,0.58,-1.22,-1.22,-0.22,1.28,2.78,3.28,3.98,4.08,4.18,4.18,2.08,-2.82,-4.32,0.28,-2.22,-2.22,-4.02,-4.42,-6.72,-3.92,-3.32,-1.02,-1.52,-1.92,-10.02,-9.12,-8.42,-8.72,-7.42,-5.62,-5.42,-3.92,-3.12,-1.82,-1.32,-0.92,-0.02,-0.32,-0.52,-0.22,1.58,2.48,3.18,2.98,3.18,3.58,3.88,3.68,3.28,3.28,3.18,2.98,3.48,3.78,3.68,3.48,2.88,2.48,2.08,1.78,2.78,2.08,1.88,0.68,2.18,2.48,3.48,4.48,-0.12,-4.42,-5.62,-7.32,-7.12,-6.32,-5.72
-10.02,-9.52,-8.52,-6.92,-5.62,-3.92,-2.82,-2.02,-1.32,0.28,1.48,2.48,2.98,3.78,4.38,4.38,3.18,-2.12,0.88,-0.62,0.28,-0.12,0.98,-2.72,-2.42,-0.72,-2.82,-1.42,-1.52,-7.92,-10.72,-10.12,-8.72,-7.72,-7.42,-6.42,-5.22,-4.42,-2.72,-1.82,-1.12,-1.02,-1.72,-1.22,-0.32,2.08,3.48,4.38,6.18,5.88,5.08,5.28,5.88,6.18,6.48,7.08,8.38,7.88,7.38,6.48,4.78,2.88,1.08,0.68,0.18,0.68,0.38,0.18,0.48,1.68,1.48,1.68,2.18,3.98,4.18,-1.82,-5.52,-6.42,-7.02,-7.42,-6.82
-8.82,-8.82,-9.42,-8.72,-7.32,-5.82,-4.52,-3.12,-1.82,-1.02,0.18,1.08,1.78,2.28,2.98,2.88,3.28,2.08,1.28,-1.12,-2.12,-2.92,-4.02,-1.52,-2.02,0.18,-2.62,-2.22,-4.52,-10.42,-10.12,-9.72,-9.02,-7.62,-6.72,-6.62,-7.02,-5.12,-3.52,-1.82,-1.42,-1.82,-0.22,1.38,1.78,2.38,3.18,4.58,5.28,5.28,4.78,6.28,6.98,7.18,7.38,7.48,7.48,7.78,8.38,8.38,8.08,7.98,8.38,5.78,3.38,-2.22,-2.52,-0.92,-0.82,-0.52,0.68,0.78,1.38,0.68,1.68,4.78,-1.12,-6.52,-6.92,-7.12,-7.12
-9.72,-8.82,-10.02,-9.82,-8.62,-7.32,-5.82,-4.32,-2.72,-1.32,-0.42,0.48,1.08,1.88,2.48,3.18,2.48,1.78,0.88,0.58,1.58,1.98,0.78,1.48,3.58,1.08,-3.92,-4.42,-6.92,-8.22,-8.32,-8.92,-7.92,-7.12,-6.72,-6.42,-5.42,-4.32,-2.52,-0.62,-0.42,0.48,0.98,1.68,2.28,3.98,3.78,3.88,5.28,5.98,5.98,6.38,6.78,7.58,8.08,8.18,8.48,8.58,8.38,7.78,8.28,8.68,8.48,7.88,7.78,-0.62,-4.62,-3.52,-2.52,-1.52,-0.02,2.18,-0.42,0.88,-0.12,0.78,5.08,3.68,-6.82,-7.42,-7.22
0.48,-9.42,-8.22,-9.42,-9.52,-7.92,-6.42,-5.52,-4.12,-2.62,-1.22,-0.22,0.38,1.38,2.18,2.68,3.78,3.18,1.98,0.88,0.78,-0.12,1.08,-3.42,-4.32,0.88,-2.42,-4.92,-8.12,-8.02,-8.22,-7.82,-7.82,-7.02,-6.92,-6.12,-5.32,-2.92,-1.22,0.48,0.78,0.48,1.68,2.48,1.98,1.98,2.88,4.08,2.68,4.78,5.18,5.98,7.28,7.88,8.58,9.08,9.08,8.88,8.78,8.68,8.38,9.28,8.68,7.68,7.28,4.48,-2.62,-5.22,-3.32,-3.02,-1.02,-0.42,1.68,0.48,-1.02,-0.82,0.38,3.08,4.48,-6.22,-6.62
8.48,-4.52,-7.32,-9.32,-8.62,-8.22,-6.92,-5.12,-4.92,-4.12,-3.12,-1.62,-0.02,1.08,1.78,2.68,3.58,4.58,3.88,2.78,0.78,-0.22,0.88,1.58,0.78,-1.02,-2.32,-5.22,-5.52,-7.02,-6.82,-7.12,-6.02,-6.82,-6.52,-5.72,-3.82,-2.52,-2.22,0.48,-0.12,0.58,1.78,1.58,2.28,3.08,1.18,1.68,4.58,3.88,4.58,5.88,6.78,8.18,8.68,9.18,9.08,9.08,9.38,9.58,9.88,8.78,9.58,7.48,7.68,5.38,-3.72,-8.32,-6.52,-2.92,-0.82,-1.62,-1.72,0.88,0.68,-1.52,-0.62,0.38,3.68,2.88,-4.62
6.28,7.68,4.18,-3.52,-4.02,-4.92,-6.42,-6.02,-5.02,-4.12,-3.82,-3.02,-2.12,-1.02,0.58,1.28,2.18,3.48,3.98,4.08,3.98,0.68,2.88,1.08,0.28,-0.32,-2.72,-5.92,-5.32,-4.72,-7.22,-6.72,-5.62,-6.12,-6.32,-5.22,-3.02,-3.02,-2.02,0.38,0.48,1.08,1.08,1.48,2.08,2.28,2.88,0.08,1.98,2.48,3.98,5.48,6.88,7.98,8.58,8.98,9.08,8.88,9.08,8.58,8.08,9.88,13.18,11.18,-0.92,6.78,8.28,2.98,-2.52,-1.02,-1.82,-1.82,-1.52,-0.92,-1.62,-2.82,-2.52,-0.22,0.98,2.88,4.18
6.08,6.28,4.88,3.48,2.88,3.28,2.28,0.08,-3.42,-4.92,-4.22,-3.72,-3.32,-1.82,-1.52,-0.72,0.38,1.38,2.38,3.08,3.88,4.78,-0.22,1.88,-2.52,-3.22,-2.22,-2.82,-3.22,-5.72,-5.52,-4.72,-5.42,-4.62,-4.62,-2.62,-2.42,-0.42,1.08,1.28,-0.42,0.38,0.48,1.18,0.98,0.98,1.78,2.38,2.58,2.38,3.48,4.78,6.08,7.28,7.78,7.78,8.08,8.18,8.18,8.38,5.28,7.48,9.78,13.18,2.18,4.68,4.58,-0.12,-1.02,-0.72,-1.22,-2.42,-1.32,-1.12,-1.12,-2.52,-3.02,-3.32,-0.02,1.08,2.08
4.98,4.38,2.98,5.98,5.98,3.98,2.08,1.98,2.68,3.08,1.28,-4.12,-5.22,-3.72,-3.62,-2.82,-1.72,-0.82,0.68,1.68,2.38,3.38,4.88,5.48,2.78,-1.12,-3.32,-2.82,-2.02,-2.72,-4.32,-4.52,-4.72,-5.82,-5.12,-4.22,-3.62,-2.02,-0.42,1.68,3.78,3.08,1.88,0.48,-0.52,-0.62,-1.72,-0.82,2.38,1.18,2.28,3.18,5.08,6.28,6.88,7.68,8.08,7.68,6.28,6.68,7.08,7.78,7.68,6.08,4.18,4.88,4.18,1.28,1.18,0.68,1.18,-1.12,-0.22,0.28,-2.42,-2.32,-3.72,-5.02,-3.32,-0.92,-0.12
1.38,2.28,2.68,1.88,2.08,3.58,3.38,2.88,3.58,3.08,2.78,3.18,2.68,2.28,0.48,-1.02,-2.62,-2.82,-1.82,-0.82,0.28,1.08,2.28,3.98,2.68,3.98,2.48,-4.12,-4.42,-4.42,-3.02,-3.12,-3.52,-4.32,-5.32,-5.22,-4.62,-2.92,-3.22,-1.02,0.58,2.78,1.58,0.78,-0.52,-1.32,-2.72,-2.52,-1.32,0.28,1.08,2.08,3.88,5.28,6.28,7.18,7.38,6.98,5.38,6.48,5.28,4.68,6.08,6.78,6.28,6.38,5.08,3.68,2.88,2.28,2.08,-0.32,-1.32,-0.72,-2.62,-3.22,-4.42,-4.92,-4.52,-2.92,-0.72
-1.12,-0.22,1.08,0.88,3.48,1.28,2.48,3.28,3.48,3.88,3.78,3.48,2.68,2.48,1.98,1.48,1.48,0.88,1.78,3.38,-1.22,-1.62,-0.42,-0.02,0.18,2.68,2.68,-1.12,-0.32,-0.02,-1.42,-1.52,-2.12,-3.12,-4.12,-5.72,-6.12,-3.82,-3.32,-2.12,-0.12,0.68,-0.22,-0.72,-1.52,-1.42,-3.02,-3.62,-2.62,-1.72,-0.92,-0.02,1.28,3.58,4.68,6.08,6.28,6.38,4.78,4.38,4.48,5.88,5.18,5.08,5.58,5.08,5.08,4.58,3.48,3.28,2.98,1.78,0.58,-0.52,-1.02,-2.22,-3.02,-2.72,-4.22,-3.72,-3.02
-3.32,-3.12,-2.42,-1.72,-0.72,-1.62,-0.12,1.18,1.98,2.98,3.58,3.98,2.48,1.58,1.58,1.98,2.18,2.28,2.08,2.48,2.78,3.78,3.18,-1.72,-0.92,-1.22,-1.32,-0.72,0.18,0.68,-0.22,-0.82,-2.12,-3.92,-4.92,-5.52,-5.42,-5.42,-4.52,-3.42,-2.32,-2.22,-3.12,-1.92,-3.12,-3.22,-3.72,-5.22,-5.92,-5.62,-3.42,-2.32,-0.32,1.38,4.18,5.28,5.98,5.38,4.28,3.48,3.18,3.68,3.78,4.58,5.78,5.48,3.88,2.58,3.68,3.28,2.58,1.08,-1.12,0.58,-0.22,-1.72,-2.22,-2.92,-2.82,-2.92,-3.52
-2.62,-3.22,-2.52,0.48,1.08,-3.72,-2.72,-3.12,-0.82,0.48,1.78,2.68,3.68,3.78,1.58,2.88,2.38,1.18,2.48,2.78,3.38,3.68,3.48,3.78,3.98,3.28,1.08,-0.42,-0.72,0.08,-0.12,-1.02,-1.42,-1.22,-2.22,-3.12,-4.82,-5.32,-4.42,-3.32,-3.62,-3.72,-3.62,-2.62,-2.92,-4.32,-5.02,-6.72,-7.22,-6.92,-4.22,-3.02,-0.92,0.18,1.48,4.28,4.98,5.48,4.38,2.18,1.48,3.48,4.38,3.88,3.78,2.38,3.88,3.78,3.48,4.38,3.98,3.08,1.38,0.38,3.88,1.28,-1.02,-2.72,-3.02,-3.42,-3.42
-0.82,-3.32,-3.72,-1.62,1.18,-0.82,0.38,-3.52,-4.32,-1.42,-0.02,0.88,1.58,2.28,2.48,2.78,0.98,2.08,1.38,1.68,2.28,2.78,3.08,3.38,2.48,3.58,3.98,4.08,2.58,1.98,1.48,1.08,0.98,-0.32,-0.42,-1.02,-2.22,-3.62,-5.12,-4.92,-4.52,-4.62,-4.82,-4.12,-3.12,-4.32,-6.02,-8.42,-8.72,-8.32,-7.92,-5.52,-2.72,-1.12,1.68,2.08,4.38,4.88,4.78,1.68,1.38,3.48,2.88,3.58,3.18,2.18,1.98,2.58,2.48,3.88,3.08,2.58,2.28,2.78,1.58,1.98,2.18,0.78,-0.12,-1.72,-2.62
-3.42,-2.62,-4.12,-4.22,-2.42,-2.02,-3.02,-2.32,-2.22,-1.92,-1.32,-1.42,-0.62,-0.12,0.28,0.88,1.38,1.38,0.18,-0.22,-0.62,-1.02,1.58,2.28,3.18,4.08,4.08,3.88,3.78,3.48,2.68,4.08,4.58,3.68,3.08,2.38,1.28,0.08,-1.42,-2.52,-2.42,-3.82,-5.52,-6.22,-5.92,-5.42,-6.42,-8.62,-9.92,-9.92,-8.52,-6.82,-4.62,-3.02,-0.62,-0.62,1.88,3.48,3.28,3.28,1.98,2.78,4.08,2.98,1.38,1.58,1.28,2.48,0.98,1.58,0.98,0.78,-0.02,0.28,0.08,0.18,-0.42,-0.52,-0.52,-0.92,-3.42
-4.42,-4.82,-4.42,-5.32,-4.82,-2.72,-1.62,-3.02,-2.12,-2.42,-1.82,-0.12,-1.32,-2.52,-1.32,-1.02,-0.52,-0.62,0.08,0.08,0.38,0.28,0.78,1.58,1.18,0.58,2.78,4.78,4.98,5.08,4.78,4.48,4.38,4.58,5.28,4.68,3.88,2.58,1.78,0.08,-1.02,-2.12,-3.02,-4.92,-6.22,-6.22,-6.62,-8.32,-11.42,-11.32,-10.12,-7.32,-5.82,-3.22,-2.02,-1.42,0.18,2.08,1.58,1.08,-0.12,-0.32,1.08,1.28,1.48,0.58,-0.82,-0.62,0.58,0.28,1.18,0.78,-0.42,-0.72,-0.72,-1.12,-1.32,-0.52,-1.32,-2.42,-3.02
-4.32,-5.32,-4.52,-4.92,-5.32,-5.32,-3.92,-2.92,-2.42,-2.02,-1.92,-1.32,-0.72,-2.52,-1.82,-1.42,-1.32,-1.52,-1.72,-1.12,-0.42,-0.52,-0.22,-0.02,0.38,0.58,2.08,1.88,1.88,2.78,4.58,5.18,4.48,4.38,5.38,4.58,6.28,5.08,3.48,2.28,0.58,-1.72,-3.62,-4.02,-5.02,-5.72,-6.82,-8.82,-11.42,-13.02,-11.62,-8.42,-6.82,-3.92,-2.72,-1.82,-0.52,0.78,1.58,1.88,0.38,0.18,-0.72,0.18,0.58,0.88,-0.02,-0.32,-0.82,-0.52,-0.22,-0.62,-0.92,-1.62,-2.72,-3.42,-3.52,-3.52,-3.82,-3.82,-4.52
-3.52,-5.52,-5.42,-6.22,-6.42,-5.62,-5.32,-4.62,-4.42,-3.42,-3.72,-2.42,-2.82,-2.92,-3.02,-2.02,-2.52,-1.82,-1.72,-2.12,-1.92,-1.52,-0.82,-0.42,-0.12,0.78,1.48,1.68,1.78,2.08,3.08,5.58,5.18,4.28,5.08,6.88,8.08,6.28,5.48,4.38,2.68,0.28,-1.52,-3.72,-4.52,-4.82,-7.02,-9.32,-12.02,-12.22,-9.62,-8.52,-6.82,-5.12,-2.62,-2.72,-0.62,0.18,1.08,0.08,-0.62,1.08,-0.62,-0.82,-0.72,-0.02,0.58,-0.22,-0.22,0.38,-0.92,-1.22,-1.22,-0.82,-1.22,-2.42,-2.32,-2.32,-3.92,-5.42,-6.02
-1.92,-3.32,-4.42,-7.62,-6.22,-5.32,-7.32,-5.72,-3.62,-4.22,-2.42,-1.52,-2.12,-1.72,-1.62,-1.52,-2.32,-3.22,-2.42,-2.42,-2.32,-1.82,-1.62,-1.42,-0.92,-0.12,0.48,0.68,0.48,0.88,1.58,3.18,4.38,5.18,2.78,7.68,8.98,8.28,6.18,3.98,1.68,-0.02,-1.12,-2.42,-4.22,-5.62,-6.82,-10.32,-13.52,-10.52,-8.52,-6.72,-4.82,-4.42,-2.52,-2.22,-1.42,-1.02,0.08,1.18,-1.32,-0.72,-0.32,0.28,0.18,0.28,0.38,-0.52,-1.12,-0.92,-0.12,0.08,-0.22,-0.82,-1.22,-2.32,-2.72,-3.42,-4.42,-5.62,-6.22
-0.82,-3.62,-3.52,-4.92,-5.12,-4.42,-4.22,-4.72,-4.92,-4.02,-3.52,-2.82,-1.82,-1.82,-2.52,-2.82,-2.12,-2.52,-2.22,-0.92,-2.02,-3.02,-1.92,-1.72,-1.12,0.08,0.78,1.38,0.58,1.08,1.68,2.78,3.98,4.48,1.78,3.28,5.58,7.88,9.98,11.38,7.38,0.98,-0.72,-1.72,-2.92,-4.92,-7.62,-10.52,-7.22,-6.22,-5.22,-3.82,-4.12,-2.22,-0.92,-0.92,-0.32,-0.02,-0.52,0.08,0.48,-0.42,-0.62,-0.42,0.58,0.58,0.48,0.08,0.28,-0.32,0.18,-0.02,-0.22,-0.72,-1.02,-1.72,-2.92,-3.62,-5.02,-6.42,-7.42
-1.82,-1.42,-3.42,-3.92,-2.12,-4.42,-3.82,-4.62,-3.92,-2.52,-2.92,-2.52,-2.12,-2.22,-1.32,-1.02,-0.52,-1.02,-1.22,-1.52,-2.02,-1.92,-0.72,-0.52,-1.92,-2.22,-1.62,-0.42,-0.52,1.08,2.28,4.28,4.68,4.18,0.08,2.18,4.28,6.98,8.48,9.68,10.98,11.18,9.88,5.48,1.58,-1.32,-3.12,-4.12,-4.72,-4.02,-3.12,-3.52,-3.62,-1.82,-0.42,-0.62,-0.32,0.18,-0.42,-0.82,0.08,-0.42,-1.02,-0.92,-0.62,0.48,0.18,0.78,1.18,0.78,0.58,0.58,0.88,1.08,0.68,-0.02,-1.22,-2.22,-4.62,-6.22,-8.52
-1.52,-1.42,-1.72,-3.12,-4.62,-4.32,-3.82,-3.62,-2.02,-2.12,-2.22,-1.62,-3.12,-2.22,-1.52,-1.02,-1.22,-1.42,-1.92,-1.52,-1.42,-2.32,-2.12,-1.42,-1.42,-1.32,-2.12,-0.12,-1.12,1.48,0.68,2.28,3.28,3.18,-2.42,-1.72,0.78,3.38,5.58,6.28,6.38,7.48,6.38,4.78,3.08,0.88,-1.12,-2.62,-2.42,-1.72,-1.82,-1.62,-0.72,-0.22,0.48,0.28,0.38,0.48,0.38,0.68,-0.32,-0.82,-0.92,-1.02,-0.42,-0.12,-0.02,0.38,0.58,0.98,1.18,2.08,2.58,2.58,2.28,2.48,1.08,-0.12,-2.02,-5.82,-10.32
