gfs.json
{"header": {"discipline": 0, "disciplineName": "Meteorological products", "gribEdition": 2, "center": "kwbc", "centerName": "US National Weather Service - NCEP(WMC)", "subcenter": 0, "refTime": "2026-04-09T18:00:00.000Z", "significanceOfRT": 1, "significanceOfRTName": "Start of forecast", "productStatus": 0, "productStatusName": "Operational products", "productType": 1, "productTypeName": "Forecast products", "productDefinitionTemplate": 0, "productDefinitionTemplateName": "Analysis/forecast at horizontal level/layer at a point in time", "parameterCategory": 2, "parameterCategoryName": "Momentum", "parameterNumber": 3, "parameterNumberName": "V-component_of_wind", "parameterUnit": "m.s-1", "genProcessType": 2, "genProcessTypeName": "Forecast", "forecastTime": 0, "surface1Type": "sfc", "surface1TypeName": "Unknown", "surface1Value": 10, "surface2Type": 255, "surface2TypeName": "Missing", "surface2Value": 0, "gridDefinitionTemplate": 0, "gridDefinitionTemplateName": "Latitude_Longitude", "numberPoints": 65160, "shape": 6, "shapeName": "Earth spherical with radius of 6,371,229.0 m", "gridUnits": "degrees", "resolution": 48, "winds": "true", "scanMode": 0, "nx": 360, "ny": 181, "basicAngle": 0, "subDivisions": 0, "lo1": 0.0, "la1": 90.0, "lo2": 359.0, "la2": -90.0, "dx": 1.0, "dy": 1.0}, "data":
[rows 0 to 35 of 181, columns 243 to 323 of 360]
-0.02,-0.02,-0.02,-0.02,0.08,0.08,0.08,0.08,0.08,0.08,0.08,0.08,0.08,0.08,0.08,0.08,0.08,0.08,0.08,0.08,0.08,0.18,0.18,0.18,0.18,0.18,0.18,0.18,0.18,0.18,0.18,0.18,0.18,0.18,0.18,0.18,0.18,0.18,0.18,0.18,0.28,0.28,0.28,0.28,0.28,0.28,0.28,0.28,0.28,0.28,0.28,0.28,0.28,0.28,0.28,0.28,0.28,0.28,0.28,0.28,0.28,0.28,0.28,0.28,0.28,0.28,0.28,0.28,0.38,0.38,0.38,0.38,0.38,0.38,0.38,0.38,0.38,0.38,0.38,0.38,0.38
-1.42,-1.42,-1.52,-1.52,-1.52,-1.62,-1.62,-1.62,-1.62,-1.62,-1.72,-1.72,-1.72,-1.72,-1.72,-1.72,-1.72,-1.82,-1.82,-1.82,-1.82,-1.92,-1.92,-1.92,-1.92,-1.92,-2.02,-2.02,-2.02,-2.02,-2.02,-2.02,-2.02,-2.02,-1.92,-1.92,-1.92,-1.92,-1.92,-1.82,-1.82,-1.82,-1.82,-1.72,-1.72,-1.72,-1.72,-1.62,-1.62,-1.62,-1.52,-1.52,-1.52,-1.42,-1.42,-1.42,-1.32,-1.32,-1.32,-1.32,-1.22,-1.22,-1.22,-1.22,-1.22,-1.12,-1.12,-1.12,-1.02,-1.02,-1.02,-0.92,-0.92,-0.92,-0.92,-0.82,-0.82,-0.82,-0.72,-0.72,-0.72
-2.52,-2.62,-2.72,-2.72,-2.82,-2.82,-2.82,-2.82,-2.82,-2.82,-2.92,-2.92,-3.02,-3.02,-3.02,-3.02,-3.02,-3.02,-3.02,-3.02,-3.12,-3.12,-3.12,-3.22,-3.32,-3.32,-3.42,-3.42,-3.42,-3.42,-3.42,-3.32,-3.32,-3.32,-3.32,-3.32,-3.32,-3.32,-3.32,-3.22,-3.22,-3.22,-3.12,-3.12,-3.02,-2.92,-2.92,-2.82,-2.72,-2.72,-2.62,-2.52,-2.52,-2.52,-2.52,-2.42,-2.42,-2.32,-2.32,-2.22,-2.22,-2.12,-2.02,-2.02,-1.92,-1.92,-1.92,-1.82,-1.82,-1.72,-1.72,-1.62,-1.62,-1.52,-1.42,-1.42,-1.42,-1.32,-1.32,-1.22,-1.22
-2.82,-2.82,-2.82,-2.92,-2.92,-2.92,-2.92,-3.12,-3.22,-3.32,-3.42,-3.42,-3.52,-3.62,-3.72,-3.82,-3.92,-3.82,-3.82,-3.82,-3.82,-3.82,-3.82,-3.82,-3.82,-3.72,-3.72,-3.72,-3.82,-3.82,-3.82,-3.82,-3.72,-3.62,-3.52,-3.42,-3.42,-3.32,-3.32,-3.32,-3.22,-3.22,-3.22,-3.22,-3.22,-3.22,-3.12,-3.12,-3.02,-3.02,-3.02,-2.92,-2.82,-2.72,-2.62,-2.52,-2.52,-2.42,-2.32,-2.32,-2.32,-2.32,-2.22,-2.22,-2.12,-2.12,-2.02,-2.02,-2.02,-1.92,-1.92,-1.92,-1.92,-1.92,-1.82,-1.82,-1.82,-1.72,-1.72,-1.62,-1.52
-3.02,-3.12,-3.22,-3.42,-3.52,-3.62,-3.52,-3.52,-3.62,-3.62,-3.52,-3.52,-3.62,-3.82,-3.92,-3.92,-3.92,-3.92,-4.02,-4.02,-4.02,-3.92,-3.92,-3.92,-3.92,-3.92,-3.92,-4.02,-4.02,-4.02,-3.92,-3.82,-3.72,-3.62,-3.62,-3.52,-3.32,-3.22,-3.12,-2.92,-2.82,-2.72,-2.52,-2.42,-2.32,-2.32,-2.32,-2.42,-2.42,-2.42,-2.52,-2.52,-2.52,-2.42,-2.32,-2.32,-2.32,-2.22,-2.32,-2.42,-2.42,-2.42,-2.42,-2.42,-2.32,-2.22,-2.12,-2.12,-2.02,-2.02,-1.92,-1.82,-1.72,-1.72,-1.72,-1.72,-1.62,-1.52,-1.52,-1.42,-1.42
-3.42,-3.32,-3.22,-3.22,-3.42,-3.42,-3.32,-3.32,-3.42,-3.62,-3.62,-3.72,-3.72,-3.82,-3.92,-3.92,-3.92,-3.92,-3.92,-3.82,-3.72,-3.72,-3.62,-3.62,-3.52,-3.32,-3.12,-3.02,-3.02,-2.92,-2.92,-2.82,-2.82,-2.82,-2.72,-2.72,-2.72,-2.62,-2.42,-2.22,-1.82,-1.22,-0.72,-0.22,0.38,0.48,0.48,0.48,0.28,0.58,0.68,0.58,0.48,0.68,1.08,1.28,1.08,0.88,0.78,0.98,1.18,1.28,1.28,1.28,1.28,1.18,1.08,1.08,1.08,1.08,1.08,0.98,0.98,0.88,0.88,0.78,0.78,0.68,0.58,0.38,0.28
-3.52,-3.52,-3.32,-3.12,-3.12,-3.22,-3.32,-3.32,-3.22,-3.32,-3.32,-3.12,-2.92,-2.82,-2.72,-2.72,-2.72,-2.52,-2.32,-2.22,-2.22,-2.12,-2.12,-2.12,-2.02,-1.92,-1.82,-1.62,-1.42,-1.32,-1.12,-1.02,-0.92,-0.72,-0.62,-0.52,-0.42,-0.32,-0.32,-0.22,-0.12,-0.02,-0.02,-0.02,-0.02,-0.02,-0.12,-0.12,-0.22,-0.42,-0.42,-0.42,-0.42,-0.52,-0.72,-0.82,-0.82,-0.72,-0.62,-0.52,-0.32,-0.02,0.18,0.48,0.58,0.68,0.58,0.58,0.38,0.18,0.08,0.08,0.18,0.28,0.28,0.28,0.28,0.28,0.28,0.18,0.18
-4.02,-4.02,-3.82,-3.82,-3.82,-3.62,-3.42,-3.72,-3.52,-3.12,-2.92,-2.92,-3.02,-2.82,-2.72,-2.62,-2.42,-2.12,-1.82,-1.52,-1.42,-1.32,-1.22,-1.02,-0.32,-0.02,-0.52,-0.82,-1.12,-0.92,-0.32,-0.12,-0.02,0.18,0.28,0.28,0.38,0.18,0.68,0.08,0.08,0.18,-0.12,-0.32,0.38,0.48,0.38,0.38,-0.22,-0.72,-1.92,-2.62,-2.42,-2.62,-2.82,-2.12,-1.82,-1.22,-0.32,0.18,0.38,0.28,0.38,0.38,0.48,0.38,0.38,0.38,0.08,-0.32,-1.32,-1.72,-0.92,-0.22,-0.32,-0.62,-0.82,-0.52,-0.82,0.18,0.38
-4.52,-4.52,-4.32,-4.02,-4.02,-4.12,-4.02,-3.92,-3.82,-3.62,-3.52,-3.02,-2.62,-2.32,-2.12,-2.02,-1.72,-1.52,-1.32,-0.92,-0.72,-0.62,-0.42,0.28,0.78,0.28,-0.12,1.08,1.08,0.28,-0.22,-0.32,-0.32,-0.42,-0.32,-0.02,-0.02,-0.12,0.18,-0.72,-1.02,-0.72,-0.92,-2.42,-3.62,-2.92,-1.52,-0.12,0.38,0.88,-0.62,-0.52,-1.52,-2.42,-2.82,-3.62,-3.72,-3.42,-2.32,-1.52,-1.12,-0.62,-0.72,-0.72,-0.62,-0.22,-0.12,-0.42,0.08,-0.02,0.08,0.68,-1.02,-0.22,-0.32,0.18,0.78,1.08,1.68,2.28,2.08
-5.02,-4.92,-4.62,-4.52,-4.52,-4.32,-4.02,-3.72,-3.42,-3.32,-3.02,-2.62,-2.42,-2.02,-1.72,-1.52,-1.42,-1.42,-0.92,-1.22,-1.42,-1.52,-0.52,-0.12,0.28,1.08,1.08,0.48,-0.32,-0.02,-0.42,-0.52,-0.72,-0.72,-1.22,-0.62,-1.12,-0.42,-0.82,-0.22,-0.52,-1.32,-0.62,1.38,1.88,0.58,0.08,0.08,-1.02,-2.32,-2.72,-4.62,-4.72,-2.12,-1.12,-4.52,-4.02,-2.02,-1.52,-0.92,-0.22,0.68,1.28,1.88,1.78,1.68,1.38,1.78,1.88,1.88,2.38,3.08,3.78,4.28,4.58,4.38,4.08,3.88,3.78,3.58,3.28
-4.62,-4.92,-4.92,-4.72,-4.22,-3.72,-3.92,-3.52,-3.12,-2.72,-2.22,-1.92,-1.52,-1.42,-1.42,-1.42,-1.52,-1.02,-1.12,-1.72,-1.32,-1.12,-0.82,0.28,0.38,0.98,1.08,-0.02,-0.22,-0.22,-1.12,-1.22,-1.42,-0.92,-0.22,-0.92,-0.92,-2.02,-3.32,-4.22,-4.32,-3.92,-2.42,-1.82,-1.62,-0.82,-0.92,-3.42,-6.12,-2.52,-0.82,0.38,-1.22,-2.12,-2.22,-1.52,-1.12,0.68,1.68,2.08,1.98,2.08,2.18,2.28,2.88,3.38,3.78,3.98,4.18,4.28,4.38,4.38,4.38,4.38,4.28,3.98,3.58,3.18,2.78,2.48,2.18
-4.12,-4.02,-4.32,-4.02,-4.12,-4.32,-3.72,-3.22,-2.82,-2.02,-1.72,-1.32,-0.52,-0.82,-0.22,-0.82,-1.12,-1.72,-2.12,-2.32,-2.32,-2.82,-2.52,-1.82,-1.32,-0.22,0.18,-0.82,-1.62,-1.42,-1.12,0.58,-0.92,-0.42,0.38,-1.02,-0.42,1.48,0.68,0.08,0.78,0.08,-1.02,-3.72,-4.52,-3.12,-2.02,-2.02,-1.52,-1.02,0.08,0.08,0.38,1.48,1.78,1.68,1.78,1.98,2.18,2.38,2.68,2.98,3.38,3.68,4.08,4.28,4.38,4.48,4.58,4.68,4.68,4.58,4.48,4.28,3.98,3.48,2.88,2.48,1.78,1.18,0.48
-4.22,-4.32,-4.22,-4.02,-4.42,-3.92,-3.42,-2.42,-2.12,-1.72,-1.52,-1.62,-1.32,-1.32,-1.72,-1.52,-1.72,-1.82,-2.12,-2.82,-2.32,-2.02,-1.92,-2.62,-2.62,-1.92,-0.72,-0.52,-1.52,-0.82,-0.42,-0.22,0.08,-1.42,-1.62,-0.82,-2.72,-1.42,-1.12,-1.12,-1.62,-6.62,-12.62,-16.02,-11.32,-2.62,-4.92,-6.42,-7.22,-7.42,-6.52,-6.72,-6.32,-4.72,-3.32,-1.82,-0.32,0.88,1.98,2.78,3.38,3.68,3.98,4.08,4.18,4.28,4.38,4.48,4.48,4.48,4.58,4.48,4.38,4.08,3.68,3.38,2.98,2.68,2.38,1.78,1.18
-2.82,-3.22,-3.82,-4.42,-4.62,-4.42,-4.02,-3.22,-2.32,-2.02,-1.92,-1.62,-1.52,-1.42,-1.52,-2.22,-2.42,-2.12,-2.62,-3.22,-3.62,-2.42,-2.02,-1.82,-2.72,-2.92,-2.92,-1.92,-2.32,-2.02,-1.92,-0.12,-0.62,-3.02,-3.62,-2.22,-1.12,-1.72,-0.22,-2.02,-5.52,-9.22,-10.92,-11.02,-8.82,-7.22,-6.72,-4.52,-3.22,-1.52,-0.02,0.38,0.88,0.58,0.38,-0.42,-0.62,-0.52,0.18,1.18,1.78,2.48,3.08,3.38,3.68,3.98,4.28,4.48,4.58,4.68,4.68,4.68,4.48,4.28,3.88,3.58,3.18,2.88,2.28,1.78,1.38
0.18,0.18,0.28,-1.82,-2.12,-4.12,-5.32,-4.52,-3.82,-2.82,-3.02,-2.52,-3.82,-3.42,-1.92,-3.62,-2.22,-2.32,-2.62,-3.82,-6.32,-5.92,-4.22,-5.62,-4.32,-2.52,-2.32,-1.22,-2.82,-4.12,-0.52,1.08,1.58,1.68,0.88,-0.92,-2.62,-0.32,-0.32,-1.22,-5.02,-7.92,-9.12,-9.52,-8.62,-7.32,-6.32,-6.42,-5.42,-3.92,0.08,-0.12,-2.22,-1.82,-0.22,0.78,1.78,1.68,1.18,2.58,2.98,3.88,4.18,3.98,3.98,3.98,4.08,4.18,4.28,4.28,4.28,4.38,4.38,4.28,3.78,3.28,2.78,2.58,2.18,1.78,1.38
-4.62,-3.02,0.48,0.58,1.28,-0.12,-1.62,-3.82,-3.42,-4.02,-3.82,-3.92,-4.02,-4.52,-5.42,-4.92,-4.62,-3.12,-1.92,-5.42,-6.82,-6.32,-4.92,-4.02,-7.52,-4.62,-3.62,-3.82,-4.72,-4.02,-3.02,-3.92,-4.02,-0.72,-0.22,-2.72,0.68,0.88,-4.92,-6.42,-6.62,-6.42,-6.12,-5.72,-5.22,-4.52,-4.02,-3.42,-3.12,-3.02,-3.12,-2.82,-1.62,-0.32,0.98,2.18,2.88,3.38,4.08,4.18,3.38,3.88,3.98,4.28,4.48,4.38,4.38,4.28,4.18,3.98,3.98,3.98,3.78,3.58,3.18,2.78,2.38,2.18,1.78,1.38,1.18
-1.22,-4.32,-5.52,-4.12,-2.02,-0.22,-1.32,-4.02,-3.92,-4.42,-4.12,-4.22,-4.62,-5.22,-5.72,-5.92,-5.52,-4.92,-4.32,-5.82,-6.42,-6.02,-2.82,-3.12,-3.82,-2.52,-1.12,-5.02,-5.42,-2.72,-2.32,-1.02,-1.82,-3.22,-2.12,-2.02,-2.62,-2.42,-2.12,-2.22,-2.72,-3.22,-3.52,-3.52,-3.22,-2.92,-2.72,-2.52,-2.12,-1.62,-1.12,-0.62,-0.42,0.08,0.38,0.48,0.68,1.08,1.68,2.38,3.08,1.58,4.28,4.78,4.68,4.48,4.38,4.18,3.88,3.78,3.58,3.58,3.38,3.38,2.98,2.68,2.28,1.88,1.88,1.88,1.48
1.28,0.58,-1.22,-2.02,-2.42,-2.42,-3.12,-4.32,-5.02,-4.82,-5.22,-4.92,-5.12,-5.92,-6.52,-6.22,-7.52,-6.12,-5.62,-4.52,-6.62,-8.72,-5.22,-6.82,-6.62,-6.52,-7.52,-10.42,-6.52,-8.02,-6.82,-11.42,-2.02,-1.12,-1.92,-3.62,-1.22,-4.32,0.88,-5.22,-3.22,-1.62,-2.02,-2.32,-2.42,-2.32,-2.32,-2.12,-2.12,-2.12,-2.22,-2.12,-1.92,-1.82,-1.62,-1.42,-1.22,-1.12,-1.12,-0.82,0.18,1.18,0.28,2.08,2.98,3.78,3.78,3.68,3.58,3.28,3.18,3.18,2.98,2.78,2.38,1.98,1.58,1.18,0.78,-0.12,-1.42
-1.72,-0.82,-1.32,-1.62,-1.02,-1.82,-1.62,-4.12,-5.52,-6.72,-4.82,-5.42,-6.32,-6.72,-7.12,-7.62,-7.52,-7.02,-6.82,-6.32,-6.12,-8.12,-2.32,-6.22,-7.82,-8.92,-8.72,-6.62,-4.42,-3.12,-6.02,-7.32,-1.22,-0.12,-0.92,-2.22,-2.22,-1.82,0.28,2.18,1.38,-0.62,-1.42,-3.22,-2.32,-1.52,-1.52,-1.62,-1.52,-1.72,-1.92,-2.12,-2.22,-2.42,-2.62,-2.82,-2.82,-2.92,-2.82,-2.62,-1.22,1.58,1.78,1.58,0.78,0.28,0.18,0.28,1.08,1.68,1.68,1.48,1.48,1.18,0.78,0.38,-0.12,-0.62,-1.32,-2.32,-3.12
-2.72,-2.22,-3.02,-2.92,-2.62,-3.22,-2.82,-3.42,-4.52,-4.72,-5.42,-5.62,-5.52,-6.62,-7.22,-7.62,-8.12,-8.32,-8.02,-7.12,-6.62,-4.72,-4.92,-5.72,-8.32,-9.12,-8.02,-6.52,-3.02,-3.42,-4.02,-2.12,-0.02,0.78,1.88,2.98,4.28,5.28,3.98,2.38,1.28,-1.22,-1.52,-3.02,-0.52,-0.72,-0.32,-1.72,-0.52,-1.52,-1.92,-1.82,-1.92,-2.02,-2.32,-2.62,-2.82,-2.92,-3.62,-3.92,1.68,5.88,2.88,-0.22,0.18,0.48,1.48,1.48,0.48,-0.02,0.18,-0.02,-0.22,-0.52,-0.92,-0.82,-1.22,-2.02,-2.52,-3.22,-3.82
-1.52,-2.32,-2.32,-2.82,-3.92,-3.82,-4.02,-3.22,-3.92,-4.72,-4.92,-5.32,-5.52,-6.02,-6.42,-6.72,-7.42,-8.32,-8.32,-8.12,-7.92,-7.02,-7.62,-5.92,-3.82,-9.52,-10.52,-8.12,-6.82,-4.62,-3.42,-2.92,-2.62,-1.32,-0.32,1.48,3.28,4.28,4.98,5.78,5.28,6.18,7.88,7.98,8.08,6.08,2.08,0.98,-1.32,-0.22,-0.82,-0.92,-1.72,-1.82,-1.92,-1.92,-2.12,-2.72,-1.82,-0.32,1.88,3.28,3.88,1.78,1.48,1.38,0.68,0.18,0.68,-1.02,-1.62,-2.02,-2.02,-2.02,-1.72,-2.22,-2.82,-3.02,-3.32,-3.82,-4.92
-2.12,-2.32,-2.12,-1.32,-0.92,-1.52,-3.32,-4.32,-4.52,-4.42,-4.02,-4.12,-4.62,-4.52,-4.82,-5.32,-6.52,-6.82,-6.92,-6.42,-6.32,-7.02,-7.82,-6.52,-5.42,-8.12,-7.82,-8.82,-6.22,-6.92,-5.92,-4.12,-0.12,0.18,1.78,3.88,4.98,4.88,4.38,4.28,4.88,5.98,4.68,7.98,8.08,7.68,8.28,5.68,2.88,1.88,1.38,-0.02,-1.12,-1.52,-1.82,-1.72,-1.62,-1.72,-1.12,-0.02,1.18,2.78,3.58,2.68,2.58,3.28,1.78,0.28,0.68,-0.42,-2.02,-3.42,-3.62,-3.22,-3.22,-3.42,-3.32,-3.22,-3.72,-4.52,-4.92
-0.62,-1.32,-0.62,-0.32,-0.32,-0.52,-1.52,-1.52,-2.82,-3.22,-3.42,-3.22,-3.42,-4.12,-5.02,-5.82,-5.82,-5.82,-6.62,-6.02,-5.92,-6.32,-5.12,-4.82,-4.72,-6.02,-7.62,-7.92,-6.52,-7.62,-5.92,-0.32,-3.72,-2.42,-0.82,2.48,3.78,3.58,4.58,7.18,8.08,7.58,7.38,5.48,7.18,8.98,9.18,8.98,8.78,5.48,2.78,-0.92,-1.12,-1.62,-1.22,-0.92,-0.62,-0.52,-0.72,-0.52,-0.32,0.28,1.48,3.58,3.08,0.68,-0.32,0.28,-0.42,-2.02,-3.82,-5.42,-5.92,-4.72,-4.02,-4.12,-4.22,-5.12,-5.02,-5.22,-6.12
0.38,1.38,0.58,0.18,0.58,-0.92,-1.32,-1.42,-1.92,-0.52,-1.02,-2.92,-3.62,-3.62,-4.02,-4.92,-5.62,-5.72,-4.52,-4.42,-4.72,-5.22,-4.52,-4.52,-5.42,-5.22,-5.42,-6.42,-7.32,-7.02,-6.62,-6.52,-1.92,0.28,-0.32,1.48,4.18,6.28,7.18,7.78,9.48,9.58,8.48,7.78,6.98,5.88,7.68,7.48,7.38,5.18,4.28,3.48,2.98,2.28,-1.42,-0.42,4.18,3.88,1.98,0.68,-0.42,-1.12,-0.82,0.88,1.08,1.18,0.28,-0.52,-2.22,-4.02,-6.02,-7.42,-7.62,-7.02,-6.12,-6.12,-4.82,-4.42,-4.52,-3.62,-3.22
1.48,1.98,1.38,0.88,0.38,0.08,-0.22,-1.02,-2.12,-1.62,-0.92,-1.42,-2.62,-3.72,-3.92,-4.12,-4.82,-5.72,-5.92,-4.82,-4.52,-5.32,-5.92,-5.32,-5.12,-4.42,-3.62,-4.82,-4.92,-4.72,-4.52,-4.02,-3.02,-4.02,-2.22,2.28,4.98,5.58,6.08,6.48,7.58,8.18,7.88,6.58,6.48,5.48,4.28,7.38,6.28,3.98,2.58,-0.52,0.58,0.48,1.18,2.78,5.28,5.48,3.68,0.48,-1.62,-2.62,-3.52,-2.52,0.88,-1.12,-1.92,-0.12,-5.92,-7.62,-8.32,-8.02,-8.82,-9.42,-8.82,-7.62,-4.72,-0.32,-0.42,1.68,2.78
2.78,2.18,1.88,1.68,1.18,0.58,0.38,-0.32,-0.72,-0.42,-0.12,-0.72,-1.12,-1.32,-2.22,-3.82,-4.72,-5.22,-5.12,-4.92,-4.32,-4.52,-4.82,-4.42,-4.02,-4.12,-4.12,-3.62,-3.32,-3.92,-3.92,-2.52,0.28,1.28,0.88,2.18,4.08,6.58,7.08,8.88,7.08,6.28,6.98,6.78,6.18,5.28,7.08,8.08,7.48,5.88,3.48,-2.02,-3.92,-1.42,2.48,4.28,3.78,3.18,3.48,-0.92,-2.82,-4.42,-4.92,-4.12,-5.22,-1.92,-0.52,-3.92,-7.12,-8.52,-9.22,-8.92,-9.02,-8.72,-7.82,-6.62,0.78,0.98,-0.72,-4.32,-7.02
1.98,1.68,1.88,1.58,2.08,1.78,1.48,0.58,0.38,-0.22,-0.22,-0.82,-1.32,-0.62,-0.92,-1.42,-3.12,-3.02,-3.12,-3.32,-2.92,-2.62,-3.12,-3.62,-3.62,-3.32,-3.22,-3.62,-3.02,-2.12,-1.52,-0.42,0.68,1.08,1.78,2.88,4.28,5.48,5.78,6.18,5.28,5.28,5.68,5.58,5.68,4.08,9.58,7.88,4.18,4.08,4.28,3.18,-0.72,-0.32,2.18,1.68,1.68,0.78,-1.12,-2.82,-4.82,-5.32,-4.92,-7.52,-8.52,-6.12,-2.72,-5.32,-8.62,-8.02,-7.62,-7.92,-7.92,-8.52,-9.62,-7.52,-1.82,-5.82,-9.72,-9.42,-10.92
0.68,1.18,1.38,1.18,1.58,1.48,1.08,0.78,1.38,1.28,0.28,-0.42,-0.72,-0.82,-2.12,-2.52,-4.92,-3.42,-3.52,-3.72,-3.72,-3.72,-3.92,-4.12,-3.92,-4.42,-3.52,-3.72,-3.22,-2.52,-1.72,-0.92,-0.12,0.78,1.98,2.18,3.38,3.18,3.68,3.98,3.78,1.68,0.68,-0.92,4.58,4.48,4.78,5.78,5.58,5.88,0.88,1.18,1.38,6.78,5.68,5.08,3.28,0.28,-2.92,-5.32,-5.72,-7.22,-5.42,-6.32,-7.82,-10.52,-12.02,-10.82,-13.42,-9.22,-7.72,-7.82,-7.62,-7.62,-2.02,-2.02,-7.72,-13.32,-12.52,-12.02,-9.12
0.68,0.58,0.38,0.98,-0.72,-5.02,0.78,0.88,1.28,1.08,0.68,-0.12,-1.32,-1.82,-1.92,-2.42,-3.22,-3.02,-3.42,-3.12,-3.12,-3.32,-3.62,-3.92,-3.42,-3.82,-4.22,-3.72,-3.32,-2.62,-1.72,-1.22,-0.62,0.08,0.88,1.48,2.08,2.28,1.98,1.88,2.68,4.58,5.88,4.88,3.88,3.18,3.68,3.68,3.68,3.48,2.68,4.18,6.18,5.28,4.38,2.68,0.48,-2.32,-5.02,-7.02,-8.12,-7.82,-6.12,-6.62,-8.52,-9.52,-11.72,-14.52,-5.22,0.28,-2.62,-5.52,-5.62,-8.02,-1.12,-4.22,-14.02,-14.42,-8.52,10.68,9.68
-0.22,-1.52,-2.12,-2.02,-0.62,-0.12,0.28,0.48,0.78,0.68,0.58,-0.12,-0.82,-1.82,-2.52,-2.82,-2.92,-3.62,-3.92,-4.32,-4.02,-4.12,-4.82,-4.42,-5.22,-4.92,-4.62,-4.22,-3.82,-3.32,-2.82,-2.32,-1.82,-1.42,-1.02,-0.72,-0.72,-0.02,0.48,1.08,4.68,5.28,5.58,5.88,5.38,5.78,4.88,3.08,7.28,7.28,7.38,7.68,8.38,7.08,3.18,-0.32,-2.42,-5.12,-7.02,-9.82,-10.42,-7.62,-7.52,-6.72,-6.62,-7.32,-8.82,-9.82,-10.42,-8.92,-5.32,-0.72,1.88,-2.62,0.18,0.08,0.78,3.48,4.98,7.18,10.48
0.88,-0.22,-0.92,-1.22,-1.92,-1.42,-0.82,0.08,-0.02,-0.52,-1.12,-1.42,-1.92,-2.22,-2.92,-2.92,-3.52,-3.72,-4.32,-4.22,-4.62,-5.32,-5.32,-6.42,-5.92,-5.72,-5.82,-5.92,-5.42,-5.02,-4.72,-4.42,-3.92,-3.32,-2.52,-2.32,0.28,2.18,3.18,4.38,5.58,4.98,5.28,5.28,4.68,4.38,3.98,4.78,5.98,6.98,7.98,10.58,9.38,3.08,-0.32,-3.02,-4.92,-7.92,-9.62,-10.62,-12.62,-12.42,-12.62,-3.32,-4.32,-5.22,-5.82,-6.82,-7.72,-8.52,-8.52,-8.62,-8.12,-4.82,-0.12,0.18,2.48,7.48,8.08,8.18,8.18
1.08,0.08,-1.12,-0.52,-2.02,-1.82,-1.52,-2.12,-1.82,-1.12,-1.12,-1.82,-2.92,-2.62,-3.82,-4.22,-4.62,-4.62,-4.22,-4.42,-4.22,-5.72,-7.32,-7.12,-7.22,-7.52,-7.42,-7.12,-6.92,-6.32,-5.82,-3.52,-0.82,0.98,2.28,2.98,3.68,4.38,5.48,5.48,4.78,4.88,4.88,4.88,4.98,5.28,4.78,4.38,5.28,6.48,6.68,8.48,3.18,1.58,3.28,1.58,-0.42,-3.62,-9.12,-9.52,-11.32,-11.72,-14.42,5.08,0.98,-2.92,-4.32,-5.32,-5.92,-6.62,-7.92,-8.52,-8.02,-6.52,-4.42,-1.72,0.88,2.28,2.98,5.38,6.58
1.28,-0.72,-0.62,0.08,-1.42,-2.52,-2.62,-2.32,-3.02,-3.42,-2.52,-4.12,-4.22,-4.02,-3.72,-5.32,-5.02,-5.42,-5.02,-3.42,-3.82,-5.52,-6.32,-7.32,-8.22,-8.12,-8.82,-3.52,-1.52,0.38,1.98,2.88,3.38,3.28,2.98,2.88,2.78,2.98,2.98,2.48,1.28,3.88,4.48,4.68,4.38,4.98,5.18,5.28,4.58,5.48,5.78,4.78,1.18,-0.82,1.18,1.98,0.68,-0.02,-3.52,-5.32,-6.92,-6.02,-3.92,-2.52,-3.52,-4.12,-5.62,-6.72,-7.82,-8.32,-7.02,-7.12,-6.92,-3.62,-1.62,-0.12,1.18,1.88,3.78,4.68,5.98
1.58,-0.82,-0.32,-0.82,-1.72,-1.52,-1.82,-2.92,-2.92,-2.72,-3.22,-5.12,-4.62,-3.92,-3.72,-3.72,-2.72,-0.92,-0.02,-0.92,-1.62,-5.12,-5.22,-8.02,-6.72,-1.92,0.18,0.88,1.58,2.38,2.48,1.78,1.38,0.98,-0.12,-0.82,-0.82,-1.02,-1.32,-1.72,0.18,1.78,2.78,3.88,4.08,4.98,4.78,6.08,4.28,5.08,3.78,2.28,0.18,0.28,-0.32,1.28,2.28,1.78,0.78,-2.82,-5.12,-5.62,-6.12,-6.72,-5.92,-6.42,-5.92,-7.52,-4.22,-4.12,-3.02,-2.62,-2.32,-1.52,-1.22,0.58,0.28,1.48,1.18,3.98,3.68
1.98,1.28,-0.42,-0.82,-1.52,-1.62,-1.62,-2.42,-3.12,-3.12,-2.82,-2.92,-3.32,-3.02,-2.12,-0.22,1.18,0.98,1.58,1.88,1.68,1.58,1.28,1.18,1.18,1.48,1.08,0.98,0.98,0.78,-0.72,-0.72,-1.82,-3.12,-4.42,-5.32,-5.22,-4.62,-4.42,-4.02,-2.32,2.68,2.88,3.88,3.68,4.78,5.48,5.78,4.68,4.78,3.78,2.88,1.88,0.78,-0.42,0.98,-0.62,-1.82,-0.82,-1.12,-1.92,-4.92,-5.62,-4.92,-4.42,-3.72,-3.92,-3.32,-3.82,-4.22,-4.12,-2.42,-2.12,-2.22,-1.72,-0.62,-0.02,1.48,1.08,2.08,1.38
1.28,-1.02,-1.12,-1.02,-1.22,-1.92,-2.52,-2.92,-2.32,-3.02,-2.52,-3.02,-3.92,-2.02,-1.32,0.98,0.98,1.58,2.38,2.28,2.18,1.78,1.58,1.78,1.08,0.68,0.28,-0.02,-0.62,-1.92,-2.82,-3.62,-5.02,-6.62,-7.22,-7.92,-7.82,-7.62,-5.92,0.08,0.38,1.58,2.98,3.98,3.58,5.08,6.48,7.08,7.08,6.58,4.88,4.08,3.38,1.38,0.18,0.08,-0.62,-0.92,-1.52,-1.92,-3.52,-3.72,-4.62,-3.82,-3.12,-3.12,-3.22,-3.02,-3.62,-4.22,-3.82,-2.92,-2.72,-1.92,-2.12,-2.72,-0.72,-0.42,-0.12,0.48,-1.22
