gfs.json
{"header": {"discipline": 0, "disciplineName": "Meteorological products", "gribEdition": 2, "center": "kwbc", "centerName": "US National Weather Service - NCEP(WMC)", "subcenter": 0, "refTime": "2026-04-09T12:00:00.000Z", "significanceOfRT": 1, "significanceOfRTName": "Start of forecast", "productStatus": 0, "productStatusName": "Operational products", "productType": 1, "productTypeName": "Forecast products", "productDefinitionTemplate": 0, "productDefinitionTemplateName": "Analysis/forecast at horizontal level/layer at a point in time", "parameterCategory": 2, "parameterCategoryName": "Momentum", "parameterNumber": 3, "parameterNumberName": "V-component_of_wind", "parameterUnit": "m.s-1", "genProcessType": 2, "genProcessTypeName": "Forecast", "forecastTime": 0, "surface1Type": "sfc", "surface1TypeName": "Unknown", "surface1Value": 10, "surface2Type": 255, "surface2TypeName": "Missing", "surface2Value": 0, "gridDefinitionTemplate": 0, "gridDefinitionTemplateName": "Latitude_Longitude", "numberPoints": 65160, "shape": 6, "shapeName": "Earth spherical with radius of 6,371,229.0 m", "gridUnits": "degrees", "resolution": 48, "winds": "true", "scanMode": 0, "nx": 360, "ny": 181, "basicAngle": 0, "subDivisions": 0, "lo1": 0.0, "la1": 90.0, "lo2": 359.0, "la2": -90.0, "dx": 1.0, "dy": 1.0}, "data":
[rows 144 to 179 of 181, columns 243 to 323 of 360]
-13.66,-14.46,-15.76,-14.36,-10.96,-8.96,-6.76,-3.66,-2.66,-3.46,-4.86,-6.26,-6.86,-6.86,-5.86,-4.56,-3.46,-1.86,-0.56,-0.66,-0.26,-0.66,-1.26,-3.66,-3.96,-4.36,-10.16,-8.76,-6.76,-5.56,-6.16,-4.86,-3.16,-2.96,-2.16,-3.16,-1.76,-1.56,-0.06,2.34,2.34,1.84,0.74,1.14,-0.86,-0.16,1.64,-0.36,-1.46,-4.66,-7.56,-9.56,-9.96,-10.46,-11.36,-11.96,-11.56,-10.66,-8.46,-9.86,-9.76,-6.86,-5.16,-7.06,-7.06,-6.46,-4.76,-4.26,-3.36,-1.96,-2.46,-0.46,-1.16,-1.56,-0.36,1.94,3.44,3.44,3.14,3.54,3.74
6.54,2.14,-1.56,-1.16,-0.96,-2.46,-3.86,-3.46,-2.16,0.84,1.44,-3.96,-4.66,-4.16,-4.06,-3.66,-2.96,-1.06,-0.46,-1.26,-2.06,-1.66,-2.86,-3.36,-3.16,-9.06,-10.56,-9.06,-7.66,-5.66,-6.26,-4.96,-3.96,-2.86,-2.36,-2.16,-1.56,-1.16,-0.56,0.54,1.54,2.04,2.44,1.34,0.74,-0.26,-1.66,-4.36,-2.36,-0.86,-3.56,-5.36,-8.76,-10.46,-11.16,-10.86,-10.06,-9.26,-11.46,-11.56,-9.46,-7.96,-8.26,-7.66,-8.16,-7.56,-6.36,-4.86,-3.96,-3.06,-1.96,-1.46,-2.26,-2.26,0.34,1.54,2.74,3.64,4.24,4.24,2.14
5.44,3.34,1.94,1.54,1.34,0.94,0.44,0.24,-0.36,-0.86,-1.66,-1.96,-2.56,-1.96,-1.86,-2.06,-2.16,-0.26,-0.26,-2.76,-2.66,-3.46,-3.76,-4.36,-3.76,-11.76,-10.86,-8.96,-8.06,-6.46,-3.96,-3.76,-2.36,-1.66,-0.96,-0.46,-0.26,0.14,0.34,0.64,1.74,2.24,1.54,1.94,1.94,1.64,0.04,-3.06,-5.26,-7.76,-6.96,-6.76,-7.96,-12.66,-12.86,-11.16,-10.36,-8.66,-12.16,-11.66,-10.26,-9.56,-9.16,-8.16,-8.16,-7.76,-5.06,-4.46,-3.76,-1.96,-2.36,-0.96,-3.96,-2.06,-1.16,0.94,3.44,3.84,4.34,6.14,7.24
7.44,6.44,4.44,2.54,1.94,2.24,1.24,-1.36,-2.56,-4.06,-4.66,-4.56,-4.26,-3.16,-2.66,-2.06,-0.86,0.74,-0.86,-2.56,-3.46,-3.96,-4.46,-2.76,-10.16,-11.16,-10.96,-9.86,-8.16,-6.26,-4.56,-2.66,-2.06,-0.96,-0.26,0.24,0.54,0.94,0.94,1.54,2.34,2.34,3.54,3.24,2.74,3.64,2.54,-0.06,-5.86,-9.06,-10.06,-9.86,-9.36,-9.46,-13.36,-14.56,-11.66,-11.26,-12.56,-9.96,-11.46,-11.56,-10.46,-9.76,-7.16,-6.16,-4.66,-1.36,-0.46,-2.26,-2.66,-2.86,-2.56,-2.36,-0.66,2.14,3.64,4.64,5.04,5.74,6.54
6.54,6.94,6.94,6.64,4.64,3.64,2.34,0.54,-2.26,-2.96,-3.46,-7.56,-5.56,-2.46,-2.16,-0.46,-0.26,-1.36,-1.96,-2.16,-2.76,-2.76,-2.16,-11.76,-11.26,-11.26,-10.76,-8.36,-5.76,-4.66,-3.16,-1.66,-0.76,0.14,0.94,1.54,1.84,2.54,2.34,3.14,3.34,4.34,5.24,5.74,6.64,7.34,2.94,-4.56,-9.86,-11.76,-11.96,-12.46,-11.96,-10.16,-13.46,-16.66,-14.56,-13.36,-12.46,-11.46,-9.86,-10.96,-11.26,-8.86,-5.66,-4.76,-2.86,-2.06,-0.86,0.94,-3.66,-2.26,-4.06,-2.76,-0.56,2.04,3.44,4.04,4.74,5.14,5.54
8.44,8.44,6.54,6.34,5.74,8.94,1.44,-0.16,0.94,-1.16,-5.06,-5.56,-1.46,-0.86,8.34,-3.96,-4.26,-3.66,-2.76,-1.56,-2.06,-5.86,-10.66,-11.16,-9.96,-9.66,-8.66,-6.76,-5.06,-3.46,-2.16,-0.86,-0.56,0.64,1.84,2.84,3.34,3.84,4.44,5.24,5.74,6.34,6.64,8.84,10.24,8.14,3.44,-1.66,-12.56,-13.96,-14.16,-13.06,-12.06,-10.56,-15.16,-17.46,-16.56,-14.96,-12.36,-10.46,-9.86,-10.76,-8.46,-7.06,-4.96,-3.96,-1.66,-0.36,-0.16,-1.16,-1.56,1.14,0.84,-2.86,0.14,3.34,3.64,3.54,3.24,3.74,4.94
11.44,8.34,6.74,6.14,7.24,8.74,12.74,0.64,-1.36,-2.36,-2.56,0.34,2.04,6.14,10.34,5.34,7.54,-4.76,-3.66,-4.26,-1.86,-2.76,-4.36,-4.76,-5.86,-6.86,-5.36,-3.76,-2.16,-1.56,-0.86,0.34,0.84,1.64,2.54,3.24,3.64,4.54,5.94,6.84,7.34,8.04,9.84,11.14,10.74,7.24,-1.26,-6.26,-10.26,-11.46,-11.56,-10.66,-13.96,-13.56,-17.26,-17.36,-15.76,-13.96,-11.66,-10.26,-9.86,-8.46,-7.06,-5.86,-3.56,-2.56,-1.76,0.44,1.34,1.84,2.34,2.94,2.44,2.24,3.54,3.24,2.84,2.44,2.24,2.44,3.44
8.44,10.44,8.64,6.94,7.54,6.64,6.14,5.84,4.44,2.94,2.44,3.04,4.34,4.74,5.04,4.14,4.14,2.64,0.64,-0.46,-1.16,-1.56,-1.76,-1.86,-2.16,-2.06,-1.66,-1.36,-1.26,-0.76,-0.36,0.64,2.14,3.04,3.64,4.54,5.54,6.84,8.14,8.74,7.94,8.94,11.34,12.84,7.24,4.54,-7.26,-7.26,-7.66,-8.46,-11.86,-10.66,-12.26,-15.06,-14.36,-13.76,-12.96,-10.76,-10.56,-10.26,-8.46,-7.86,-4.76,-4.76,-4.46,-2.26,-0.86,0.24,2.54,3.94,4.54,3.84,3.54,3.94,4.24,3.74,2.74,2.24,2.44,2.74,2.94
9.34,9.54,9.94,9.94,9.44,9.04,7.94,7.44,7.24,4.44,3.94,3.94,4.04,3.94,4.64,5.24,4.54,3.54,2.24,1.34,0.34,-0.06,-0.46,-1.16,-0.76,-0.06,1.14,0.74,-0.36,0.04,0.94,2.14,2.64,3.34,4.54,5.14,5.74,7.44,8.34,8.74,8.04,11.54,13.04,4.24,5.04,3.04,-1.56,-4.36,-5.66,-6.26,-7.26,-7.26,-8.66,-10.16,-8.96,-10.06,-10.66,-9.16,-8.66,-5.56,-6.46,-5.66,-5.26,-4.76,-3.06,-0.96,1.14,2.34,3.44,4.34,3.74,3.84,4.54,5.24,5.24,3.74,3.24,2.84,2.74,2.54,2.94
8.54,9.04,8.94,8.64,8.04,7.44,7.04,6.84,6.34,5.64,4.94,4.44,3.94,3.64,3.54,3.24,2.44,1.94,1.54,1.04,0.54,0.34,-0.26,0.54,1.54,0.74,1.14,0.44,0.74,1.94,3.14,4.24,4.34,4.54,4.94,5.14,5.24,6.24,6.14,6.24,8.34,11.74,11.74,0.34,-0.96,-0.26,-1.56,-3.06,-4.46,-5.66,-6.56,-7.66,-7.96,-7.76,-6.56,-5.46,-5.66,-4.46,-3.86,-3.06,-2.66,-1.96,-3.16,-2.76,-1.86,-0.56,0.34,1.14,1.44,1.94,2.14,2.84,3.24,3.74,3.84,4.04,4.04,3.64,3.24,2.64,2.24
9.24,9.94,10.24,10.04,9.54,9.44,9.04,8.44,7.04,5.44,4.74,4.34,3.34,2.64,2.14,1.44,0.74,0.24,0.24,0.14,-0.96,-0.56,-0.36,-0.46,0.54,1.34,2.14,2.34,3.44,4.04,4.84,4.94,5.04,4.74,4.64,4.44,2.44,3.54,-0.26,0.24,4.74,8.24,8.04,5.24,1.54,-1.26,-3.26,-5.26,-6.26,-7.16,-6.76,-6.46,-5.46,-3.76,-2.66,-1.86,-2.76,0.84,-2.16,-0.96,0.24,-2.76,-3.46,-2.26,-1.06,-0.56,-0.16,0.44,0.94,1.44,2.14,2.64,2.84,3.04,3.24,3.34,3.34,2.94,2.84,2.64,1.94
9.94,10.34,10.44,10.84,11.14,11.44,11.34,11.04,10.04,8.44,6.94,6.74,6.44,4.94,2.94,0.24,-2.26,-3.86,-4.06,-2.56,-1.76,-1.56,-0.86,-0.36,-0.56,0.74,1.54,2.34,3.64,4.94,4.54,4.04,6.34,4.54,3.84,4.34,2.14,-3.06,-2.86,-2.76,-2.06,1.14,4.94,3.94,2.54,0.14,-1.06,-2.76,-4.96,-5.76,-6.26,-1.06,2.14,2.24,2.04,1.24,0.24,1.24,-0.66,-0.66,-1.96,-2.66,-1.76,-1.66,-1.36,-0.66,0.04,0.64,1.24,1.54,1.74,1.94,2.24,2.44,2.34,2.14,2.54,3.04,3.44,1.14,0.94
10.44,10.94,11.54,11.84,12.24,12.74,13.04,12.64,12.04,8.84,9.84,8.94,8.54,8.14,8.74,6.34,2.84,-3.86,-2.86,-3.66,-2.06,-2.16,-1.96,-0.76,0.14,0.24,1.14,1.34,0.14,3.24,5.84,7.74,6.04,4.34,1.94,3.34,0.14,-1.06,-2.96,-2.86,-1.46,-1.96,-4.76,-4.16,-1.36,-1.26,-3.26,-4.06,-3.16,-1.96,3.64,2.34,8.64,4.34,1.34,2.14,1.74,1.34,-1.76,-2.36,-2.26,-1.86,-1.46,-1.06,-0.56,-0.26,0.24,0.34,0.74,1.04,1.24,1.54,1.94,2.24,2.34,2.34,2.34,2.34,2.44,2.64,3.04
10.04,11.14,12.04,12.54,12.84,13.14,13.54,13.04,13.14,10.44,9.54,8.64,6.64,7.84,6.74,4.44,4.14,2.74,1.14,0.34,0.34,-0.36,0.14,-0.76,-0.86,-1.96,-0.46,0.44,2.14,4.24,5.64,6.14,3.64,5.04,1.24,2.74,2.24,0.74,-1.86,-2.96,-3.26,-3.66,-3.96,-5.26,-4.36,-5.96,-4.76,-4.16,0.34,4.14,9.74,3.64,1.64,0.34,1.34,0.14,-0.16,-1.76,-2.06,-2.06,-1.96,-1.76,-1.26,-1.06,-0.76,-0.46,-0.16,0.04,0.34,0.64,1.24,1.64,2.04,2.34,2.54,2.44,2.64,2.54,2.54,2.64,2.64
8.04,9.84,11.34,12.64,13.14,13.34,13.54,13.44,12.94,12.04,10.84,10.14,8.34,9.04,7.54,7.14,4.54,0.24,1.64,2.34,3.34,2.54,1.54,1.14,-2.06,-2.56,-1.36,0.64,2.44,3.24,2.14,1.34,2.34,2.44,2.54,3.74,3.44,1.84,0.94,-0.16,-0.76,-0.96,-0.86,0.14,1.04,2.94,4.64,3.84,-0.16,-2.16,-0.36,0.84,7.14,6.54,5.44,1.14,-0.76,-1.86,-2.16,-1.76,-1.66,-1.36,-0.96,-1.06,-1.06,-0.76,-0.36,-0.26,0.04,0.34,0.64,1.14,1.64,1.74,2.24,2.44,2.64,2.64,2.54,2.84,2.94
5.04,7.34,9.44,11.14,12.14,12.34,12.74,13.24,12.34,11.54,10.54,9.74,9.64,9.34,9.34,8.74,7.94,6.94,4.84,4.24,5.14,5.44,4.24,1.84,0.74,-1.16,-1.76,-0.36,-0.06,0.44,0.64,1.44,2.14,2.34,-0.26,-0.46,-1.06,-1.16,-1.06,-1.36,-1.86,-0.76,1.64,2.44,3.54,2.24,3.94,5.54,3.44,3.14,-1.76,-2.56,0.84,3.04,7.14,8.84,3.94,0.84,-0.56,-0.86,-1.26,-1.16,-1.26,-0.96,-0.86,-0.76,-0.56,-0.36,0.04,0.34,0.64,0.84,1.44,1.64,1.34,1.24,1.84,2.24,2.34,2.14,1.84
2.04,3.54,4.94,6.04,6.74,7.24,7.74,8.14,8.04,8.14,7.64,6.04,7.14,7.14,8.34,8.54,6.64,4.94,5.44,6.14,7.14,5.74,3.84,3.04,2.04,1.54,0.24,-2.86,-2.36,-1.66,-1.66,-1.16,-0.66,0.04,0.14,-0.16,-0.06,0.44,1.44,1.84,2.44,1.24,0.84,3.34,3.44,0.84,-3.26,-4.36,4.44,-7.76,-7.76,-2.86,-1.36,-2.86,1.34,4.14,5.14,2.24,0.24,-0.26,-0.56,-0.46,-0.46,-0.66,-0.96,-0.66,-0.26,0.14,0.54,0.64,0.94,1.24,1.44,1.44,1.34,1.14,1.14,1.34,1.14,1.14,1.54
2.04,2.84,3.34,4.34,5.24,5.54,5.74,5.64,5.74,5.74,5.94,3.04,3.64,4.14,4.64,4.84,3.84,4.14,5.54,7.04,9.14,9.54,4.34,2.04,1.24,0.84,-0.26,-1.46,-2.46,-3.26,-2.76,-3.46,-3.56,-2.26,-1.06,0.44,2.14,3.64,4.84,6.14,5.04,1.54,1.24,0.54,1.64,2.14,2.34,2.34,-0.66,-0.06,-9.26,-9.16,-9.26,-3.46,0.44,0.64,3.74,2.84,0.14,-0.26,-0.66,-0.76,-0.86,-0.86,-0.46,-0.06,0.24,0.74,1.44,1.84,2.04,2.14,1.94,1.94,2.04,2.04,1.84,1.54,1.14,0.34,0.04
2.04,2.74,3.14,4.24,4.14,4.64,4.84,3.64,2.94,4.04,2.54,3.14,4.04,4.24,2.04,-0.46,2.14,3.04,4.74,3.74,3.74,5.74,6.34,5.34,3.94,4.54,4.54,5.04,5.64,5.84,6.34,3.04,-0.16,1.24,1.74,2.34,2.24,2.34,4.04,7.44,8.04,7.84,0.94,0.14,0.24,-0.16,-0.66,-2.66,-4.16,-2.96,-0.36,-4.26,-2.46,1.34,1.04,-0.26,1.04,3.14,1.24,-0.06,-0.86,-0.86,-0.76,-0.76,-0.46,-0.16,0.04,0.44,1.04,1.74,2.24,2.64,2.94,3.14,3.24,2.94,2.94,2.64,2.24,1.94,1.54
2.14,2.64,2.94,3.24,3.84,7.64,6.14,4.64,0.24,-0.86,0.64,1.74,2.94,1.14,0.54,1.64,2.24,0.64,2.44,3.04,2.64,2.04,1.24,2.34,3.24,2.74,1.84,3.24,4.14,5.24,5.04,5.64,6.64,7.74,6.74,4.14,3.54,5.24,6.04,1.54,4.14,4.14,3.94,4.64,3.24,1.04,-0.56,-1.26,0.44,3.04,2.34,-0.86,-2.16,-0.06,-1.16,-1.86,-1.36,3.14,1.14,-0.66,-0.86,-1.76,-1.56,-1.16,-0.76,-0.86,-0.36,0.14,1.04,1.54,2.04,2.64,3.04,3.14,2.84,2.94,3.04,2.94,2.84,2.64,2.34
2.14,2.34,0.54,2.34,5.74,0.74,7.54,8.64,7.84,3.54,2.24,2.44,3.04,3.14,1.44,-1.16,-0.66,0.74,2.04,2.74,2.74,1.34,-0.36,-0.96,0.64,-0.46,-0.06,1.34,3.74,6.04,9.14,11.44,12.04,9.74,11.74,13.14,14.54,11.44,14.24,13.74,13.54,9.54,5.64,3.74,3.04,2.94,2.04,-0.26,-0.86,-0.96,-1.66,0.04,-2.76,-3.76,-1.56,-0.86,0.74,3.14,2.54,-2.06,-2.36,-2.36,-2.06,-2.06,-1.86,-1.56,-1.26,-1.46,-0.66,0.34,1.54,2.34,3.04,3.24,3.24,3.14,3.14,3.14,2.94,2.94,2.84
3.34,3.74,2.84,2.54,2.74,1.24,-0.46,3.34,4.44,3.64,2.54,2.54,3.94,5.94,8.24,8.24,6.24,1.64,-3.36,-1.66,-0.66,0.14,1.04,1.34,1.24,0.94,0.44,-0.16,-0.06,1.04,2.54,3.64,3.64,3.24,2.64,2.14,2.54,3.84,4.24,2.84,-0.46,0.24,0.14,1.84,1.64,-0.46,0.14,-0.06,-2.06,-3.56,-4.36,-3.96,-1.96,0.14,-0.36,1.44,1.94,1.84,1.34,-1.96,-2.16,-2.56,-3.16,-3.06,-2.86,-1.96,-1.76,-1.76,-1.16,-0.06,1.34,2.34,3.14,3.14,3.44,3.74,3.74,3.44,3.14,3.04,2.84
2.34,0.64,0.84,1.14,0.54,4.34,5.24,3.64,3.14,3.24,3.74,2.84,2.04,2.14,2.94,4.34,5.54,5.64,4.64,2.84,1.84,2.04,1.94,1.84,2.34,2.74,3.34,4.04,4.24,4.24,4.14,4.64,5.54,5.64,5.54,4.24,1.94,0.74,0.34,1.94,3.64,3.34,3.74,3.44,2.94,2.84,2.14,0.84,0.14,-0.06,0.44,0.14,1.14,1.04,1.14,0.84,0.74,0.74,-0.16,-2.36,-2.56,-2.36,-1.76,-1.26,-0.96,-0.76,-1.06,-0.66,-0.36,-0.36,0.44,2.44,3.34,4.24,4.74,4.84,4.74,4.44,4.04,3.44,3.04
-1.06,0.64,1.24,1.74,1.64,1.24,0.94,0.54,0.54,0.64,0.54,0.24,0.14,0.04,-0.06,-0.66,-0.96,-0.56,0.04,0.64,1.04,1.04,0.84,0.64,0.44,0.34,0.34,0.34,0.44,0.44,1.34,3.64,4.74,5.24,5.14,4.34,3.04,4.54,6.44,6.94,6.44,7.24,4.04,2.64,2.04,1.54,1.14,0.94,0.54,-0.26,-0.96,-1.36,-1.46,-1.36,-1.56,-1.76,-1.36,-0.86,-2.06,-2.46,-2.46,-2.16,-2.06,-1.86,-1.36,-0.76,-0.26,0.24,0.54,0.44,0.64,1.74,3.14,4.34,5.04,4.74,4.44,4.44,4.24,3.34,2.74
-1.86,-1.26,-0.76,-0.46,-0.36,-0.26,-0.56,-0.96,-1.26,-1.26,-1.26,-1.26,-0.76,-0.16,0.34,0.64,1.04,1.34,1.64,1.94,2.34,2.94,3.04,2.64,2.04,0.04,-1.26,-0.86,-0.16,0.14,0.74,1.84,1.34,-0.06,2.24,3.44,3.24,1.84,3.84,4.34,4.14,3.34,3.34,3.74,3.64,3.44,3.34,3.44,2.14,0.14,-0.96,-1.76,-2.16,-2.36,-2.16,-2.06,-1.96,-1.76,-1.76,-1.76,-1.76,-1.46,-0.86,-0.56,-0.46,-0.36,0.04,0.14,0.14,0.94,2.24,2.44,2.14,2.54,5.44,5.74,4.54,4.44,5.74,3.24,2.64
-5.26,-5.46,-5.46,-4.86,-4.16,-3.46,-3.16,-2.86,-2.56,-1.76,-0.96,-0.66,-0.36,-0.06,0.44,0.84,1.24,1.44,1.64,1.84,2.24,2.64,3.04,3.34,3.84,4.44,4.84,4.84,4.94,2.64,0.44,0.64,0.44,0.94,0.54,1.54,2.24,4.14,4.04,4.14,5.04,5.24,5.14,4.94,4.54,3.44,2.04,2.84,2.64,2.54,2.24,1.84,1.34,0.84,0.44,0.04,-0.16,-0.36,-0.56,-0.76,-0.86,-0.66,-0.06,0.64,0.94,0.74,-0.26,-0.76,-0.56,0.14,2.14,3.14,2.64,1.14,2.34,4.64,5.34,5.54,5.54,5.64,5.04
-6.06,-5.46,-4.86,-4.66,-4.66,-4.66,-4.66,-4.36,-4.06,-3.66,-3.36,-2.96,-2.66,-2.16,-1.56,-1.06,-0.56,-0.06,0.54,1.24,1.84,1.94,2.24,2.94,3.44,3.44,3.74,4.24,4.64,4.74,4.44,3.94,3.64,3.64,2.04,2.54,4.04,4.94,4.44,4.84,4.94,5.24,5.14,4.74,4.24,3.74,3.34,2.94,2.64,2.34,2.14,2.04,1.64,1.24,0.84,0.54,0.64,0.84,0.64,0.64,0.84,1.14,1.54,1.34,0.64,0.94,1.14,0.94,0.04,-0.06,0.54,1.04,0.84,0.44,1.04,2.74,2.84,1.64,0.84,0.34,0.34
-6.16,-6.26,-6.36,-6.16,-5.56,-4.66,-4.16,-3.96,-3.66,-3.26,-2.86,-2.96,-2.96,-2.96,-2.96,-2.76,-2.46,-2.16,-1.96,-1.86,-1.16,-0.16,0.94,1.64,2.04,2.44,2.84,3.54,4.14,4.64,5.04,5.04,4.24,4.54,4.04,3.84,4.44,4.74,4.64,4.34,4.04,3.84,3.44,3.24,3.54,3.84,3.64,3.24,3.04,2.84,2.44,2.14,1.84,1.64,1.34,0.94,0.74,1.04,0.94,0.74,0.64,0.84,1.14,1.14,0.34,0.34,1.44,1.54,1.44,1.04,0.94,1.44,2.24,2.94,2.14,1.14,-0.06,-0.96,0.34,2.14,1.64
-6.66,-6.56,-6.86,-7.26,-7.46,-7.56,-7.56,-7.46,-7.06,-6.56,-5.96,-5.16,-4.26,-3.66,-3.26,-3.06,-2.76,-2.36,-1.86,-1.26,-0.46,0.44,1.14,1.84,2.54,3.04,3.44,3.74,3.94,4.04,4.64,5.24,5.64,5.84,5.94,5.84,5.64,5.14,4.74,4.54,4.34,4.14,3.94,3.54,3.14,3.04,3.04,2.94,2.84,2.64,2.04,1.14,0.34,0.54,1.24,1.64,1.74,1.64,1.44,1.14,0.74,0.34,0.24,0.24,0.94,1.54,1.24,1.74,4.54,7.44,7.74,6.14,4.34,3.24,2.04,1.34,2.24,2.84,3.24,3.44,3.44
-3.06,-3.26,-3.76,-4.26,-4.76,-4.96,-4.86,-4.36,-4.26,-4.76,-4.86,-4.96,-4.96,-4.76,-4.16,-3.46,-2.46,-1.56,-0.86,-0.26,0.14,0.64,1.34,2.14,2.94,3.64,4.04,4.24,4.34,4.74,5.14,5.64,5.94,5.94,5.74,5.54,5.34,5.24,5.14,5.14,5.34,5.34,5.24,4.84,4.34,3.54,3.74,3.74,3.84,3.94,4.24,4.04,3.54,2.64,1.94,2.14,2.04,1.14,-0.16,0.34,1.44,1.84,2.34,2.34,2.24,2.14,2.74,4.54,6.14,8.04,9.04,5.44,3.64,3.74,3.04,3.14,1.74,1.54,1.44,1.04,0.64
-2.76,-2.46,-2.16,-1.96,-1.66,-1.36,-1.06,-0.96,-0.86,-0.76,-0.36,-0.16,0.04,0.14,0.24,0.14,-0.06,-0.16,-0.06,0.34,1.14,1.84,2.84,3.64,4.34,4.74,4.64,4.74,5.24,5.94,6.94,8.04,8.84,9.14,9.14,9.14,9.04,9.04,8.94,8.54,8.04,7.44,6.74,6.04,5.44,4.94,4.64,4.54,5.14,6.04,6.94,7.74,7.64,5.44,2.24,1.54,1.94,1.94,1.24,0.34,-0.36,-1.46,-2.66,-2.66,-1.76,-0.36,1.24,2.44,3.14,3.14,2.14,0.74,0.04,0.04,-0.06,-0.26,-0.26,-0.36,-0.26,-0.26,-0.26
2.44,1.54,0.64,-0.16,0.54,1.44,2.34,2.74,3.24,3.64,3.74,3.64,3.44,3.44,3.44,3.44,3.44,3.34,3.24,3.24,3.34,3.54,3.04,2.64,2.54,2.74,3.04,3.44,3.84,4.54,5.54,6.84,7.44,7.94,7.64,7.34,7.14,7.24,7.54,8.04,8.34,8.34,7.84,7.14,6.14,4.74,3.64,2.64,1.74,0.64,0.84,0.64,1.24,1.94,3.64,4.84,5.24,4.14,3.24,3.04,2.94,2.94,2.94,2.94,2.74,2.64,2.54,2.34,2.24,2.14,1.94,1.64,1.34,0.94,0.44,-0.16,-0.56,-0.86,-0.96,-1.06,-0.96
1.24,1.34,1.44,1.54,1.84,2.14,2.44,2.64,2.94,3.24,3.44,3.74,4.04,4.34,4.64,4.94,5.14,5.24,5.24,5.14,4.94,4.54,4.24,3.74,3.34,3.04,3.14,3.54,3.74,3.94,4.24,4.44,4.54,4.74,4.74,4.74,4.84,5.14,5.44,5.74,5.74,5.74,5.34,4.74,4.14,3.64,3.34,3.44,3.74,4.04,4.34,4.64,4.94,5.14,5.14,5.14,5.14,5.24,5.24,5.24,5.04,4.84,4.44,4.14,3.74,3.34,2.94,2.64,2.34,2.14,1.84,1.74,1.64,1.54,1.44,1.34,1.24,1.04,0.84,0.64,0.44
4.34,4.14,4.14,4.04,4.04,3.94,3.94,3.94,4.04,4.04,4.04,4.14,4.34,4.44,4.54,4.74,4.84,5.04,5.14,5.24,5.34,5.44,5.54,5.54,5.54,5.54,5.54,5.54,5.54,5.44,5.24,5.14,4.94,4.64,4.44,4.34,4.24,4.14,4.24,4.24,4.24,4.34,4.44,4.54,4.64,4.64,4.74,4.74,4.64,4.64,4.64,4.64,4.54,4.54,4.54,4.44,4.44,4.44,4.44,4.44,4.44,4.44,4.44,4.34,4.24,4.14,4.04,3.84,3.64,3.44,3.24,3.04,2.84,2.64,2.44,2.24,1.94,1.84,1.54,1.44,1.14
5.14,5.14,5.04,5.04,5.04,4.94,4.94,4.94,4.94,4.94,4.94,4.94,4.94,5.04,5.04,5.14,5.14,5.14,5.14,5.04,5.04,4.94,4.84,4.74,4.74,4.64,4.54,4.54,4.44,4.34,4.24,4.14,4.14,4.04,3.94,3.84,3.74,3.64,3.54,3.44,3.34,3.24,3.14,3.04,2.94,2.84,2.64,2.54,2.54,2.44,2.44,2.34,2.34,2.24,2.24,2.14,2.14,2.14,2.04,2.04,2.04,2.04,2.04,1.94,1.94,1.94,1.94,1.84,1.84,1.84,1.74,1.74,1.64,1.64,1.54,1.44,1.34,1.34,1.24,1.14,1.04
4.14,4.14,4.04,4.04,4.04,4.04,3.94,3.94,3.94,3.94,3.84,3.84,3.84,3.74,3.74,3.74,3.74,3.64,3.64,3.64,3.64,3.54,3.54,3.54,3.44,3.44,3.44,3.34,3.34,3.34,3.24,3.24,3.14,3.04,3.04,2.94,2.94,2.84,2.74,2.74,2.64,2.54,2.44,2.44,2.34,2.24,2.14,2.14,2.04,1.94,1.84,1.74,1.64,1.54,1.54,1.44,1.34,1.24,1.14,1.04,0.94,0.84,0.74,0.64,0.54,0.44,0.34,0.34,0.24,0.14,0.04,-0.06,-0.16,-0.26,-0.26,-0.36,-0.36,-0.46,-0.56,-0.66,-0.66
