gfs.json
{"header": {"discipline": 0, "disciplineName": "Meteorological products", "gribEdition": 2, "center": "kwbc", "centerName": "US National Weather Service - NCEP(WMC)", "subcenter": 0, "refTime": "2026-04-13T00:00:00.000Z", "significanceOfRT": 1, "significanceOfRTName": "Start of forecast", "productStatus": 0, "productStatusName": "Operational products", "productType": 1, "productTypeName": "Forecast products", "productDefinitionTemplate": 0, "productDefinitionTemplateName": "Analysis/forecast at horizontal level/layer at a point in time", "parameterCategory": 2, "parameterCategoryName": "Momentum", "parameterNumber": 2, "parameterNumberName": "U-component_of_wind", "parameterUnit": "m.s-1", "genProcessType": 2, "genProcessTypeName": "Forecast", "forecastTime": 0, "surface1Type": "sfc", "surface1TypeName": "Unknown", "surface1Value": 10, "surface2Type": 255, "surface2TypeName": "Missing", "surface2Value": 0, "gridDefinitionTemplate": 0, "gridDefinitionTemplateName": "Latitude_Longitude", "numberPoints": 65160, "shape": 6, "shapeName": "Earth spherical with radius of 6,371,229.0 m", "gridUnits": "degrees", "resolution": 48, "winds": "true", "scanMode": 0, "nx": 360, "ny": 181, "basicAngle": 0, "subDivisions": 0, "lo1": 0.0, "la1": 90.0, "lo2": 359.0, "la2": -90.0, "dx": 1.0, "dy": 1.0}, "data":
[rows 70 to 104 of 181, columns 0 to 78 of 360]
3.41,0.81,2.81,-1.59,2.71,0.41,2.41,-3.29,-3.29,-0.49,-1.59,-2.79,-2.69,-2.49,-0.89,-0.69,0.11,-1.49,0.41,-0.69,-3.69,-4.49,-4.59,-5.09,-5.19,-4.79,-3.59,-3.49,-1.99,-0.99,-2.19,-1.69,-2.19,-1.89,-3.39,-5.09,-1.89,0.41,-0.49,1.91,2.91,-0.39,3.01,-2.29,-3.99,-1.49,1.41,-1.19,-2.79,-3.39,-4.49,-1.89,0.11,-1.59,-1.49,-1.79,-0.29,1.41,3.11,-0.19,0.41,1.71,3.11,2.81,3.21,3.91,3.81,4.01,4.71,3.51,3.91,5.51,4.51,-0.89,2.91,2.41,2.11,1.51,-0.69
2.81,-0.29,0.21,-1.99,-1.09,2.51,1.81,-0.59,-0.79,0.61,-1.39,-3.39,-3.19,-2.49,-1.69,-2.49,-2.49,-4.39,-4.89,-3.69,-3.89,-4.39,-4.79,-3.29,-4.69,-4.29,-4.59,-3.29,-1.39,-0.39,-1.69,-2.39,-1.59,-3.49,-3.29,-4.39,-3.29,-0.79,0.61,1.91,3.41,1.11,0.61,-0.69,0.21,-0.69,2.21,0.81,-3.49,-4.89,3.01,3.21,-0.29,-1.39,-1.19,-2.99,-0.89,0.31,1.51,1.01,0.71,1.01,1.51,1.71,2.11,2.71,3.01,3.41,4.41,3.41,3.91,4.31,2.61,0.71,2.01,1.61,2.21,2.51,-0.39
1.31,0.41,1.91,1.71,-1.09,1.11,-1.39,-2.09,-1.89,0.11,-2.69,-3.09,-2.59,-3.29,-2.29,-2.39,-3.99,-4.19,-3.99,-5.09,-5.09,-6.89,-5.69,-4.79,-4.49,-3.99,-5.09,-3.99,-1.39,-1.39,-1.09,0.11,-2.49,-1.39,-1.29,-4.69,-5.39,-2.89,-1.09,2.21,2.41,2.51,0.91,0.11,1.81,-1.89,-1.19,-1.69,-2.79,-2.59,0.51,0.11,-2.09,0.71,0.11,-2.59,-0.59,-0.79,-1.19,-1.29,-0.89,0.01,0.21,0.91,1.21,2.11,2.41,2.71,3.01,3.01,2.71,3.01,2.21,0.51,2.31,4.01,-0.89,0.71,0.41
0.01,-0.59,-2.39,-1.09,-0.49,-1.09,-3.09,-2.79,-4.59,-2.69,-3.59,-2.79,-3.99,-3.09,-2.49,-3.09,-3.99,-3.89,-3.89,-4.69,-4.79,-3.69,-4.19,-4.49,-2.49,-4.89,-4.49,-3.69,-1.79,-1.99,-0.29,-0.29,-1.49,0.11,-0.79,-3.09,-5.79,-4.99,-2.49,2.51,2.41,2.71,3.21,1.41,-0.69,-2.89,-5.19,-1.59,0.61,-1.29,-2.69,-4.39,0.21,-0.59,0.01,0.51,-1.09,-2.99,-2.99,-2.89,-2.19,-0.99,-0.69,-0.39,-0.29,0.51,1.71,1.81,2.11,3.11,3.11,2.41,1.81,2.21,1.81,2.61,1.71,-1.49,-0.09
3.31,0.11,0.61,0.41,0.21,-1.49,-3.89,-3.79,-3.99,-3.59,-3.49,-3.09,-4.19,-2.39,-1.89,-3.89,-3.69,-3.99,-4.09,-4.49,-4.59,-5.39,-5.39,-4.59,-3.79,-4.49,-4.79,-2.69,-1.49,-1.59,-2.19,-0.09,-0.39,-0.49,-1.19,-3.59,-1.99,-2.99,-2.69,0.61,2.51,2.61,3.41,1.61,-0.99,0.61,-5.99,-1.89,0.01,2.71,-3.29,-2.19,-0.99,-1.29,-0.89,-2.89,-2.79,-3.69,-3.49,-3.49,-2.99,-3.09,-1.89,-1.79,-1.49,-0.39,0.51,1.41,2.31,3.11,2.61,0.61,1.61,1.31,0.01,2.31,1.91,0.21,-1.79
-0.49,-1.49,-2.09,-2.29,0.01,-0.39,0.41,-3.29,-4.19,-3.39,-3.49,-4.49,-3.19,-2.59,-3.29,-4.39,-3.99,-3.99,-3.89,-4.39,-4.29,-4.89,-5.79,-4.29,-3.89,-4.59,-0.49,-2.19,-1.99,-2.09,-0.39,-0.69,0.81,0.71,-0.89,-2.19,-0.39,-2.39,-0.49,-0.79,1.61,1.11,3.31,2.51,1.11,-1.69,0.41,-2.59,0.91,-1.19,-1.09,-3.39,-2.89,-2.49,-3.19,-3.39,-3.09,-3.69,-3.49,-3.59,-3.99,-3.09,-2.59,-2.49,-1.79,-0.79,0.31,1.81,2.81,3.71,0.91,0.71,0.71,0.91,-0.49,2.61,3.51,3.41,-0.39
3.51,-1.99,-3.69,-3.19,-1.89,-1.79,0.41,-3.09,-3.09,-3.09,-3.29,-3.69,-2.39,-1.99,-4.99,-3.69,-3.99,-3.79,-3.69,-3.49,-3.49,-6.49,-5.69,-4.29,-5.19,-0.79,-3.89,-3.29,-2.39,-1.79,-0.69,0.11,1.01,1.41,1.11,0.11,-2.39,-2.69,-0.19,-1.19,-1.29,1.21,2.01,2.51,0.61,0.31,0.01,-0.59,-0.29,-5.89,-4.99,-4.99,-4.39,-4.09,-3.49,-3.59,-3.69,-3.39,-2.99,-3.49,-3.89,-3.39,-2.89,-1.99,-1.49,-0.29,0.31,1.81,4.11,2.51,1.51,-0.49,-0.49,0.11,1.51,1.21,2.11,2.21,0.91
3.21,1.11,-1.99,-2.39,-2.89,-2.79,-1.69,-0.59,-1.29,-2.99,-3.29,-3.19,-1.49,-1.29,-3.19,-1.79,-1.99,-0.59,-2.49,0.11,-2.09,-3.49,-6.19,-1.79,-3.29,0.31,-4.19,-3.29,-2.99,-2.59,0.01,1.01,1.11,1.51,1.71,1.01,-0.99,0.21,-0.69,-1.69,-0.59,0.81,-2.99,-4.29,-1.39,-3.49,-8.19,-7.09,-7.79,-7.29,-6.49,-5.59,-5.19,-4.39,-3.29,-3.49,-3.09,-3.49,-3.19,-3.69,-3.29,-3.19,-2.29,-2.19,-0.59,0.31,1.71,2.61,4.21,2.71,1.41,0.01,-0.29,-0.49,1.21,-1.39,2.21,1.11,0.21
2.71,1.61,2.01,-1.39,-0.49,-0.99,-1.09,0.11,-1.09,-1.69,-0.99,-1.39,-1.89,-0.49,-1.09,1.21,-1.29,-1.49,-1.09,1.01,1.81,-3.79,-2.59,-3.89,-4.59,-2.19,-3.59,-4.19,-2.89,-2.39,-0.49,-1.79,2.61,1.41,2.31,0.41,-0.09,2.81,-1.59,0.91,0.71,0.91,0.11,-1.79,-3.59,-5.29,-6.89,-7.99,-7.19,-7.39,-7.39,-5.39,-3.09,-4.99,-3.69,-3.39,-2.99,-3.29,-2.99,-3.09,-3.09,-3.09,-2.59,-2.29,-0.79,0.41,1.71,3.11,3.31,3.21,2.11,1.91,0.91,0.41,0.61,0.91,0.61,0.11,1.01
1.91,0.51,2.91,-0.39,0.41,-0.59,0.01,-0.39,0.21,-0.49,-1.59,0.11,-3.29,-1.49,1.31,0.71,-0.79,0.81,-1.09,1.41,0.41,-2.29,-2.79,-5.39,-3.99,-3.09,-3.99,-2.89,-3.49,-1.99,-1.59,0.61,0.81,1.01,-0.19,1.01,0.31,1.21,0.51,0.51,2.21,1.91,2.11,-3.49,-2.89,-4.49,-4.89,-2.29,-0.49,-0.39,-0.99,-1.69,-3.49,-3.29,-3.09,-3.49,-2.59,-3.59,-3.19,-1.99,-2.09,-2.69,-1.49,-0.69,0.41,1.21,1.91,2.71,2.91,3.51,2.21,2.31,1.31,0.61,1.51,1.91,0.01,1.51,-1.79
-0.59,0.91,-0.09,0.51,1.81,0.91,0.21,-0.99,1.71,2.01,-0.09,2.11,-0.79,-0.69,0.81,-1.09,0.91,1.81,0.41,1.51,-0.59,-0.09,-2.29,-2.19,-2.49,-2.59,-2.49,-1.59,-2.39,-1.59,-1.39,-0.69,0.81,-0.89,-0.39,0.61,-0.99,0.61,0.41,-2.39,5.51,1.51,-0.09,-1.89,-0.09,0.41,0.21,-2.99,-2.59,-3.59,-2.29,-2.59,-3.69,-3.89,-3.39,-2.69,-3.39,-3.39,-3.19,-2.69,-1.79,-1.79,-1.69,-0.79,0.11,1.11,2.11,2.61,3.01,2.21,2.81,2.61,2.31,1.01,1.61,0.81,1.21,-1.09,-0.99
0.01,0.71,1.51,2.41,1.81,2.81,1.71,-0.49,-0.19,1.21,3.01,1.41,-1.49,0.11,-0.49,-0.29,0.91,2.11,1.31,1.51,0.91,0.71,0.01,-1.99,0.21,-1.89,-0.99,-1.69,-1.79,-1.19,-1.29,-0.69,-1.29,-0.99,-0.69,0.91,1.61,-0.69,-0.69,-3.79,-1.49,-0.29,-0.09,-2.39,-2.19,-3.49,-4.49,-5.39,-4.09,-4.19,-1.39,-3.79,-3.79,-3.39,-2.79,-3.59,-3.19,-2.79,-2.89,-2.39,-1.79,-1.79,-1.39,-1.09,-0.39,0.21,1.21,1.51,2.11,2.31,2.21,2.21,2.51,1.01,1.61,-0.29,0.61,-0.29,-0.49
-1.29,1.31,1.41,1.91,0.71,2.01,1.31,1.81,0.41,2.41,2.11,0.81,0.01,-0.69,-0.19,0.81,1.61,1.91,1.41,1.01,0.81,-0.39,-0.29,0.41,-0.29,-0.39,-1.19,-1.29,-1.19,-1.69,-1.99,-1.19,-1.19,-1.19,-1.59,-1.49,-0.59,-0.69,-1.09,-1.99,2.11,-0.29,1.41,-0.09,-6.29,-4.09,-5.19,-5.09,-5.39,-2.69,-2.39,-4.89,-5.09,-4.09,-3.39,-3.89,-2.99,-2.59,-3.19,-2.99,-2.59,-1.39,-1.19,-0.89,-0.69,-0.19,-0.39,0.11,1.21,1.81,2.21,2.41,2.91,2.01,1.51,1.11,1.71,2.91,5.21
-0.69,1.11,1.71,1.91,0.91,1.01,2.21,1.41,1.41,5.11,0.11,-2.49,0.91,1.61,-1.59,0.11,1.71,1.81,0.51,1.01,1.01,-2.19,2.11,1.31,0.61,0.01,-1.09,-0.79,0.11,-1.59,-1.39,-0.89,-1.69,-1.39,-2.19,-1.49,0.61,-1.19,0.81,-2.59,1.11,2.71,2.01,-2.79,-7.39,-5.99,-4.79,-5.19,-4.59,-2.89,-2.89,-3.19,-3.59,-4.19,-3.39,-2.59,-2.99,-2.29,-3.29,-2.39,-2.29,-1.29,-1.79,-0.89,-0.29,-0.09,0.41,0.71,2.11,1.51,1.31,2.21,2.71,2.11,3.11,2.91,3.91,3.91,4.01
1.61,3.51,4.31,4.41,6.21,2.61,1.41,2.11,1.61,-0.69,-0.29,-0.19,1.31,1.51,-0.79,1.21,1.31,1.01,1.61,-0.49,-0.99,-1.09,-0.39,1.61,1.51,-0.39,0.21,0.31,-0.19,-0.99,-0.69,-1.59,-1.09,-1.69,-2.19,-1.49,0.11,-0.09,-0.69,0.31,1.61,1.61,-1.09,-4.39,-5.79,-7.69,-4.99,-4.69,-2.79,-4.19,-3.59,-3.79,-3.69,-4.09,-2.79,-2.09,-1.89,-0.89,-0.69,-1.29,-1.69,-1.39,-1.19,-0.89,-0.09,0.81,1.11,1.41,1.71,2.11,2.01,3.21,2.41,2.81,2.81,4.51,4.41,2.91,4.31
5.41,4.81,3.41,4.71,6.21,6.21,1.51,1.81,0.71,-0.09,-0.39,-1.99,1.61,0.71,0.21,1.11,0.81,0.21,-0.29,-0.69,-0.69,-1.19,-0.89,0.51,0.51,0.71,0.41,0.31,-1.09,-0.99,-1.59,-1.09,-1.39,-1.49,-2.79,-3.49,2.01,-2.49,-2.89,1.51,-0.29,-2.09,0.41,-4.09,-5.19,-4.19,-4.99,-4.69,-5.59,-4.39,-3.69,-3.69,-2.69,-2.99,-1.99,-0.69,-0.49,-0.59,0.31,0.11,0.01,-1.19,-1.19,0.11,0.31,0.51,1.51,1.61,2.51,2.91,2.91,3.71,3.81,3.71,3.41,4.31,4.21,4.61,4.91
5.01,5.31,4.41,4.51,5.31,5.71,5.51,6.41,5.31,1.61,-0.49,-0.19,-0.39,0.81,0.41,1.01,0.51,0.41,0.21,-1.59,0.01,-0.49,0.01,0.01,0.81,0.11,-0.09,-0.49,0.01,-0.09,-1.29,-0.49,-0.29,0.01,-3.09,-5.19,-5.59,-5.69,-2.39,-0.99,-1.09,-2.99,-1.89,-4.99,-4.69,-2.79,-4.09,-4.29,-5.39,-3.99,-2.69,-2.39,-2.49,-1.49,-0.29,-0.49,0.81,1.01,1.31,1.01,0.71,1.01,1.11,0.91,0.51,1.81,1.91,2.01,2.31,2.61,3.11,3.51,3.51,4.01,3.61,3.71,4.31,4.81,4.81
4.91,4.01,4.51,3.81,3.21,4.31,5.21,6.21,4.51,4.81,3.31,1.21,0.81,0.51,-0.19,0.21,-0.19,0.31,-1.69,-0.59,-0.29,-0.79,0.51,0.51,1.11,0.01,0.01,-0.09,-0.29,-0.49,-0.79,1.61,0.81,-1.39,-4.39,-3.59,-6.69,-5.79,-4.39,-3.19,-3.09,-1.89,-3.69,-6.69,-4.99,-2.69,-2.99,-4.99,-4.79,-4.09,-3.29,-1.59,-0.89,-0.69,-0.69,-0.09,0.01,0.21,1.31,1.51,2.31,2.21,2.31,2.91,2.41,2.41,3.71,3.21,3.21,4.21,3.11,4.01,4.31,4.11,4.01,4.21,4.41,5.01,5.61
1.81,3.01,3.41,2.81,2.71,3.01,3.91,4.91,2.41,4.21,0.11,0.81,1.71,1.41,-0.19,-0.59,-0.09,-1.19,-1.19,-1.49,-1.89,-1.19,-1.09,-0.49,0.71,0.81,0.51,-0.19,-0.29,-0.39,-0.79,1.61,-0.59,-0.19,-1.19,-2.29,-5.29,0.01,-2.19,-4.79,-4.59,-3.89,-3.59,-4.49,-2.39,-2.49,-4.89,-4.89,-4.39,-2.79,-1.79,-2.49,0.11,-0.19,0.11,0.51,1.31,0.91,0.81,2.11,2.31,2.11,3.01,3.11,3.91,3.01,3.61,4.31,3.91,3.71,3.41,3.91,3.41,4.01,4.11,4.61,5.11,5.61,6.21
0.81,0.41,2.81,2.21,1.81,2.01,4.11,3.31,3.21,3.41,-0.39,0.21,1.21,1.01,0.21,-0.59,-0.39,0.11,-1.19,-1.79,-1.59,-0.49,-0.99,1.31,1.41,1.21,0.81,0.41,0.41,-0.49,1.01,0.11,0.71,0.21,-1.39,-0.89,-2.29,-0.59,-1.19,-3.89,-3.99,-3.49,-2.69,-2.09,-3.99,-3.99,-4.59,-4.69,-3.69,-2.19,-0.89,-1.09,0.51,0.91,0.41,0.41,1.61,2.11,1.31,2.31,2.71,3.11,3.81,3.61,4.01,3.11,3.91,4.71,4.91,4.01,4.41,4.21,4.11,4.71,5.21,5.41,5.91,6.41,6.71
-1.19,0.21,1.31,1.51,1.71,1.21,2.21,3.91,2.11,1.81,0.81,1.51,0.81,0.61,0.31,0.91,0.71,-0.29,-1.49,-0.59,-0.49,-1.49,-0.49,-0.09,0.81,1.51,0.41,-0.19,-0.09,-1.29,0.51,0.41,1.01,-1.09,-2.79,-1.39,-0.39,-0.49,1.41,-3.59,-3.09,-1.89,-1.69,-4.29,-3.49,-3.89,-3.69,-2.99,-2.19,-0.49,0.81,1.11,1.41,1.81,2.01,1.51,2.41,2.51,3.01,3.41,3.81,3.41,3.91,4.01,3.91,3.71,4.61,5.41,5.61,5.71,5.81,5.41,5.11,5.41,5.51,5.91,6.31,6.21,5.31
-1.89,-1.09,0.01,0.61,1.11,0.71,1.61,2.61,2.81,0.41,0.91,1.01,-0.09,1.11,0.31,0.31,0.41,0.21,0.11,-1.19,0.01,-0.89,-1.09,-0.29,0.11,-0.19,0.21,-0.99,-0.59,-0.09,0.81,0.51,1.11,-1.19,-3.19,-1.39,-0.89,-0.19,-0.89,-2.09,-2.29,-1.59,-2.69,-3.49,-3.99,-3.59,-2.69,-1.69,-0.59,-0.09,2.01,2.21,2.51,2.11,2.31,2.71,3.21,3.51,3.91,4.41,4.01,3.11,3.61,4.81,4.01,4.61,5.71,6.11,6.31,6.91,6.41,6.51,5.71,4.81,5.41,5.51,5.81,4.01,4.91
-1.89,-1.39,-0.09,-0.49,-0.29,-0.19,0.81,1.81,3.01,1.41,0.01,0.61,0.41,0.81,0.81,0.21,1.21,-0.09,0.61,0.21,-1.09,-0.39,-0.59,-0.59,0.51,-0.09,-0.39,-0.79,-0.69,0.61,0.91,0.61,0.91,0.21,-1.29,-1.59,-0.39,-1.49,-0.79,-0.99,-1.49,-1.79,-4.19,-3.19,-3.89,-2.99,-1.99,-0.89,0.61,1.41,2.31,2.71,2.31,2.71,3.21,3.81,4.01,3.41,4.01,4.11,3.81,3.81,3.71,4.11,5.31,5.51,5.51,6.21,6.11,6.91,7.01,7.61,6.21,5.31,5.51,4.61,4.21,3.41,3.91
-1.29,-1.49,-0.59,-0.29,-0.49,0.31,-0.09,1.41,3.21,2.71,2.21,-0.59,0.31,0.41,0.81,-0.19,0.61,1.21,0.01,-0.19,-0.09,-0.29,-0.99,-0.19,0.21,0.31,-0.39,-0.49,-0.99,1.21,0.51,0.71,-0.39,0.31,-2.29,-2.49,0.51,-2.09,1.01,0.21,-0.39,-3.09,-3.59,-3.19,-3.69,-2.89,-2.79,-1.99,-0.89,-0.29,0.41,1.11,1.81,1.71,2.81,2.91,4.31,4.21,3.71,3.81,4.01,2.61,4.41,5.31,4.81,5.21,5.91,6.51,6.51,8.11,8.41,7.41,6.11,5.41,3.61,3.31,3.31,3.41,2.91
-1.69,-1.69,-1.19,-1.49,-0.19,0.11,0.01,1.31,2.71,3.51,2.11,-4.39,1.41,0.31,0.51,-0.59,0.11,0.81,0.11,-0.19,0.01,-0.39,-0.49,-0.09,0.21,-0.39,0.21,-0.79,-0.39,1.51,1.01,-0.59,-1.09,-0.69,-0.19,-1.19,-0.19,-1.59,-0.39,0.31,-1.19,-3.69,-4.09,-4.79,-4.09,-3.79,-4.39,-4.09,-2.69,-2.09,-1.59,-1.29,-1.39,0.51,1.01,1.51,2.61,2.41,2.51,3.11,2.71,3.11,3.11,5.81,4.71,5.61,6.01,5.41,5.71,5.21,4.01,3.01,2.51,2.71,2.61,3.31,2.71,2.71,2.51
-2.49,-2.29,-1.49,-1.29,-1.19,-0.89,0.51,0.71,1.71,2.01,2.91,0.31,-1.19,-0.09,0.21,0.21,-0.19,0.81,0.31,-0.09,-0.19,-0.49,-0.29,-0.79,-0.19,-1.19,-0.99,0.11,-0.49,-1.29,-1.89,-1.49,-1.89,-2.39,-0.89,-1.19,-1.59,-1.59,-1.09,1.51,-1.09,-4.29,-4.89,-4.89,-4.29,-3.49,-4.29,-3.69,-3.29,-3.29,-2.99,-3.19,-2.29,-2.09,-1.89,-2.19,-1.19,-0.69,-0.69,0.51,1.41,2.81,3.71,3.81,3.51,4.01,3.41,4.01,3.51,4.01,3.21,2.41,1.91,2.21,2.71,2.71,2.71,1.61,1.81
-2.99,-2.69,-2.89,-2.59,-0.89,-0.19,0.41,-0.79,0.71,1.81,1.81,0.71,1.61,-0.99,-0.49,-0.39,1.01,0.31,-0.89,0.01,0.31,-0.69,0.01,-0.29,-0.19,-1.29,-1.39,-1.09,-1.79,-1.69,-1.79,0.51,-0.99,-1.99,-2.29,-0.09,-1.79,-0.69,0.41,1.81,-3.39,-5.19,-6.19,-5.49,-4.79,-5.09,-4.69,-4.79,-3.49,-3.29,-2.99,-2.49,-3.09,-2.19,-1.39,-2.09,-2.19,-1.89,-2.09,-1.59,-0.19,1.41,1.91,3.21,3.71,3.41,3.21,3.61,3.41,3.31,3.61,2.01,1.21,0.21,1.81,1.31,2.11,1.31,1.91
-2.69,-1.89,-1.69,-4.29,-1.89,-1.09,-0.09,0.81,1.41,1.01,1.41,0.71,0.31,-0.09,-1.39,-0.69,1.21,-1.19,-1.19,-1.09,0.11,-0.29,-1.19,-1.09,-0.19,-1.89,-0.29,-0.79,-1.19,-2.09,-2.29,-1.49,-0.59,-2.29,-1.59,-0.69,-1.59,-0.19,0.91,0.81,-3.59,-5.09,-5.69,-6.19,-5.69,-5.39,-5.29,-4.89,-4.59,-4.49,-2.69,-3.69,-2.29,-1.79,-1.69,-2.09,-2.39,-1.99,-1.19,-0.09,0.11,1.01,1.91,2.91,2.41,1.71,1.51,1.91,2.31,1.21,-0.99,-1.19,-0.79,0.71,-0.09,-0.69,-0.29,0.11,-0.19
-3.19,-2.29,-1.69,-2.59,-2.39,-1.09,0.01,0.51,1.71,0.71,0.61,0.71,-0.59,-1.79,-0.89,-0.79,1.11,0.21,-0.39,-1.39,-0.09,-0.29,-0.89,-1.39,-0.29,-0.79,-0.09,-0.69,0.51,-1.09,0.81,-2.29,0.01,-1.89,-0.79,-1.29,-0.99,-0.19,-0.29,0.21,-4.59,-6.29,-7.69,-7.69,-6.79,-6.09,-5.79,-5.29,-4.69,-4.99,-3.29,-3.29,-2.89,-2.59,-2.79,-2.19,-2.19,-1.49,-1.19,-1.09,-0.69,-1.79,-0.99,-1.69,-1.49,-1.09,-1.69,-1.09,-1.29,-1.89,-2.19,-0.69,-0.49,-1.19,-1.79,-2.19,-2.39,-1.69,-0.69
-3.79,-2.79,-2.09,-2.09,-2.39,-1.39,-0.69,0.91,1.61,1.11,1.41,0.71,0.61,0.01,-0.59,-1.49,0.11,-0.79,-1.09,-1.49,-0.89,-0.79,-0.59,-1.49,-0.39,-0.59,0.81,-1.79,-0.99,-3.19,-1.99,-0.69,0.01,-0.69,-0.49,-1.29,0.01,0.71,-0.69,-0.39,-2.99,-6.79,-7.79,-7.99,-6.99,-6.29,-6.19,-5.79,-6.19,-5.39,-3.59,-3.09,-3.19,-3.29,-3.69,-3.59,-4.19,-4.49,-3.39,-2.59,-2.99,-3.69,-3.49,-3.59,-3.29,-2.69,-0.79,-2.79,-4.29,-3.19,-1.79,-1.69,-1.89,-1.59,-0.79,-2.59,-2.69,-1.19,-0.79
-2.99,-2.59,-1.79,-2.49,-1.99,-1.79,-0.99,0.11,1.11,1.81,2.31,1.31,0.91,2.21,-0.69,-1.19,-0.59,-0.19,-0.49,-0.49,-0.59,-0.89,-0.19,-0.49,-0.59,-0.19,-2.59,0.31,0.51,-2.69,-2.19,-1.59,-0.89,0.11,1.41,-0.89,-0.59,-0.09,0.41,-0.59,-0.09,-4.89,-4.99,-4.59,-5.49,-6.89,-4.99,-5.39,-6.79,-7.29,-4.99,-4.79,-4.09,-4.39,-4.59,-4.79,-5.39,-4.99,-4.89,-5.29,-5.79,-5.49,-5.09,-4.79,-4.19,-3.09,-3.79,-4.99,-5.29,-5.39,-4.39,-4.29,-2.99,-3.09,-2.49,-1.89,-1.29,-0.09,0.91
-2.99,-2.59,-2.59,-2.09,-2.29,-1.99,-0.99,0.31,1.11,1.31,2.21,2.31,1.41,1.11,-1.29,-0.39,-1.09,-0.29,-0.69,-0.69,-0.29,-1.19,-1.19,-1.69,-1.49,-0.99,-2.09,0.01,-1.29,-2.29,-3.49,-1.79,-0.89,-0.49,-1.29,-0.59,-0.29,-1.19,-0.19,-0.39,0.21,-1.19,-3.59,-2.49,-5.09,-4.09,-5.59,-7.39,-8.59,-7.49,-6.39,-5.79,-5.79,-6.09,-5.99,-6.49,-6.39,-6.49,-7.19,-7.09,-6.49,-6.49,-5.99,-6.09,-5.99,-5.89,-5.49,-6.49,-5.39,-5.59,-5.69,-5.69,-4.39,-3.79,-3.49,-2.49,-1.79,-0.39,-1.29
-2.89,-3.39,-2.89,-2.69,-2.29,-1.49,-0.89,0.51,0.31,0.61,1.91,1.41,1.01,0.71,-1.69,-1.09,0.21,-0.39,-0.99,-0.29,-0.69,-2.09,-2.29,-1.49,-1.69,-1.09,-2.19,-0.99,-2.09,-1.59,-1.89,-1.99,1.41,-2.99,1.51,-2.89,0.01,0.01,-0.19,-0.79,0.41,-3.29,-2.79,-2.99,-3.69,-3.49,-2.89,-4.89,-4.39,-6.89,-5.59,-5.49,-5.89,-6.99,-6.89,-7.59,-7.49,-7.39,-7.49,-7.59,-7.79,-7.29,-7.19,-7.69,-7.59,-7.49,-7.29,-6.59,-5.99,-5.79,-5.59,-5.89,-5.29,-4.49,-4.39,-3.99,-3.09,-3.89,-4.39
-3.69,-3.09,-2.89,-3.19,-2.39,-1.19,-0.39,-0.29,-0.19,-0.09,1.01,1.01,2.01,0.61,-0.99,-1.79,0.31,0.81,-0.19,-0.99,-1.09,-1.29,-1.89,-1.69,-1.29,-1.69,-2.09,-1.69,-1.69,-1.79,-0.69,-2.09,-0.19,-1.99,0.31,-2.09,0.01,-1.19,-0.89,-1.09,0.21,-2.99,-2.29,-1.19,-1.19,-2.79,-1.09,0.71,-1.69,-2.09,-3.19,-4.29,-5.39,-6.69,-7.29,-7.49,-7.89,-8.09,-7.59,-7.89,-7.19,-7.79,-7.49,-8.19,-7.29,-8.09,-7.79,-6.89,-6.09,-5.29,-5.49,-5.79,-5.39,-5.69,-5.29,-5.09,-5.69,-6.09,-6.69
-4.09,-4.09,-3.69,-3.49,-2.59,-1.39,-0.49,-0.79,-0.59,-0.59,0.31,0.51,0.81,-1.49,-1.39,-0.49,-0.89,0.11,-0.69,0.21,-1.29,-0.79,-1.49,-1.99,-1.59,-2.09,-2.19,-1.59,-2.09,-1.19,0.21,-0.89,-1.69,-1.09,-0.99,-0.69,-0.39,-1.69,-1.39,-0.29,0.41,-2.49,-1.69,-0.19,0.01,-1.29,-1.29,0.11,-1.59,-1.59,1.01,-2.99,-5.09,-5.89,-6.89,-6.99,-7.29,-8.09,-7.59,-7.79,-6.99,-6.89,-7.19,-7.69,-7.79,-7.89,-7.49,-6.69,-6.59,-6.69,-5.39,-5.39,-5.49,-5.69,-6.59,-6.59,-7.09,-7.69,-8.19
